# Well well_0044
# Column 1: Depth MDRKB (m)
# Column 2: Tcorr one way time (ms)




            317            198.4
           2380           1139.8
           2440           1168.8
           2460             1178
           2480           1187.1
           2500           1196.6
           2520           1207.1
           2540           1214.6
           2560           1223.1
           2580           1233.1
           2600           1241.2
           2620           1249.4
           2640           1257.2
           2660           1266.8
           2680             1275
           2700           1282.4
           2720           1289.5
           2740           1297.9
           2760           1304.5
           2780           1313.3
           2800           1321.2
           2820             1329
           2840           1336.8
           2860           1342.9
           2880           1351.1
           2900           1356.5
           2920           1366.8
           2940           1373.4
           2960           1382.4
           2980           1389.8
           3000           1397.6
           3020           1404.6
           3040           1412.5
           3060           1419.4
           3080           1427.2
           3100           1432.4
           3120           1441.5
           3140           1448.9
           3160           1455.6
           3180             1462
           3200           1468.9
           3220           1474.3
           3240           1481.6
           3260             1488
           3280           1496.6
           3300           1503.7
           3320           1510.2
           3340           1516.8
           3360           1523.4
           3380           1529.9
           3400           1537.3
           3410           1539.9
           3420           1543.2
           3430           1547.2
           3440           1549.9
           3450           1553.2
           3460           1557.2
           3470             1560
           3480           1562.7
           3500           1569.7
           3520           1576.6
           3540           1583.9
           3560           1589.9
           3580           1596.9
           3600           1603.6
           3620           1609.8
           3640           1617.6
           3660           1623.6
           3680           1630.3
           3700           1636.9
           3720           1643.5
           3740           1649.7
           3760           1656.2
           3770           1659.5
           3780           1662.1
           3790           1665.6
           3800           1668.6
           3810           1671.7
           3820           1675.3
           3830           1677.9
           3840             1681
           3850           1683.9
           3860             1687
           3870           1690.3
           3880           1694.3
           3890           1696.5
           3900           1699.5
           3910           1702.4
           3920           1705.8
           3930           1709.3
           3940           1712.4
           3950           1714.9
           3960           1718.8
           3970           1721.7
           3980             1725
           3990           1727.9
           4000           1731.1
           4010           1734.9
           4020           1738.2
           4030           1740.8
           4040           1744.7
           4050           1747.9
           4060           1750.7
           4070             1754
           4080           1757.6
           4090           1760.4
           4100           1763.7
           4110           1765.8
           4120           1770.6
           4130           1773.7
           4140           1776.2
           4150             1779
           4160             1782
           4170           1784.9
           4180           1787.8
           4190           1792.5
           4200           1795.1
           4210           1798.2
           4220           1801.4
           4230           1804.3
           4240           1806.8
           4250           1810.1
           4260           1813.7
           4270           1816.8
           4280           1819.7
           4290           1821.7
           4300           1824.3
           4310           1827.6
           4320           1831.1
           4330           1833.4
           4340           1835.8
           4350           1838.9
           4360           1841.2
           4370           1844.2
           4380             1847
           4390           1849.2
           4400             1851
           4410           1852.9
           4420           1855.3
           4430           1857.6
           4440           1859.4
           4450           1861.4
           4460           1863.6
           4470           1866.2
           4480           1868.7
           4490           1871.3
           4500           1873.8
           4510           1875.9
           4520           1878.3
           4530           1880.2
           4540           1882.2
           4550           1884.3
           4560           1886.9
           4570           1889.1
           4580           1891.6
           4590           1893.7
           4600           1895.3
           4610           1897.5
           4620           1900.4
           4630           1903.1
           4640           1905.7
           4650           1907.5
           4660           1909.4
           4670           1911.7
           4680           1913.4
           4690           1915.8
           4700           1918.1
           4710           1920.3
           4720           1922.2
           4730             1925
           4740           1926.9
           4750           1929.1
           4760             1931
           4770           1933.2
           4780             1935
           4790           1936.9
           4800           1938.7
           4810           1941.3
           4820           1943.2
           4830           1945.8
           4840           1948.8
           4850           1951.4
           4860           1953.7
           4870           1955.4
           4880           1957.7
