# Well well_0016
# Column 1 depth MDRKB (ft)
# Column 2 Tcorr oneway time (ms)

           4501              683
           4562              693
           5002            758.8
           6002            916.4
           7002             1071
           8003             1217
           9003             1361
           9509             1429
           9873             1474
           9938             1481
          10433             1521
          10503             1527
          11221             1584
          11761             1643
          12123             1691
          12803             1778
          13503             1861
          14500             1991
