# Well: well_0035
# Column 1: Depth MDRKB (m)
# Column 2: Tcorr oneway time (ms)

            415            239.9
            600           338.15
            725           393.25
            925           481.34
           1025           522.37
           1100           552.39
           1175            584.4
           1255           615.42
           1325           640.43
           1400           666.44
           1475           698.45
           1575           744.46
           1650           779.47
           1726           813.47
           1800           850.48
           1827           863.48
           1855           877.48
           1880           891.48
           1905           903.48
           1930           917.49
           1955           930.49
           1980           942.49
           2005           955.49
           2025           965.49
           2050           976.49
           2075           989.49
           2100          1002.49
           2125           1013.5
           2150           1025.5
           2170           1034.5
           2190           1042.5
           2215           1053.5
           2230           1060.5
           2250           1071.5
           2270           1079.5
           2295           1089.5
           2315           1098.5
           2340          1109.51
           2367          1119.51
           2390          1130.51
           2415          1141.51
           2440          1151.51
           2464          1161.51
           2490          1171.51
           2515          1182.51
           2540          1192.51
           2565          1202.51
           2589          1211.52
           2612          1219.52
           2630          1227.52
           2657          1239.52
           2681          1248.52
           2707          1257.52
           2722          1262.52
           2748          1273.52
           2763          1279.52
           2809          1296.52
           2816          1299.52
           2840          1308.52
           2863          1317.52
           2883          1325.52
           2908          1334.53
           2921          1339.53
           2944          1347.53
           2965          1353.53
           2990          1359.53
           3015          1366.53
           3040          1373.53
           3065          1380.53
           3090          1386.53
           3110          1391.53
           3135          1399.53
           3160          1406.53
           3185          1414.53
           3210          1421.53
           3235          1427.53
           3260          1434.54
           3285          1441.54
           3310          1448.54
           3335          1453.54
           3359          1460.54
           3384          1467.54
           3409          1473.54
           3433          1479.54
           3457          1486.54
           3482          1493.54
           3507          1500.54
           3532          1506.54
           3556          1514.54
           3581          1522.54
           3605          1528.54
           3630          1535.54
           3655          1542.54
           3679          1548.54
           3702          1553.54
           3727          1562.54
           3752          1568.55
           3774          1574.55
           3797          1580.55
           3822          1586.55
           3847          1593.55
           3860          1598.55
