# Well well_0033
# Column 1 depth MDRKB (m)
# Column 2 Tcorr oneway time (ms)

           595              349
           1449           705.76
           2213          1063.89
           2347          1126.91
           3460          1550.99
           3480          1556.99
           3510          1567.99
           3521          1570.99
           3540          1577.99
           3570          1587.99
           3600          1596.99
           3630          1604.99
           3660             1612
           3690             1620
           3720             1628
           3750             1635
           3780             1643
           3810             1649
           3840             1657
           3870             1663
           3900          1671.01
           3930          1678.01
           3960          1686.01
           3990          1694.01
           4020          1702.01
           4050          1709.01
