# Well well_0046
# Column 1 depth MDRKB (m)
# Column 2 Tcorr oneway time (ms)

            460            270.9
            537            311.3
            542            314.3
            635            362.6
            695            391.8
            780              429
            870            468.1
            875            480.1
            930            495.2
           1000            519.5
           1024            534.3
           1100            564.4
           1180            594.4
           1185            596.4
           1277            631.5
           1410            680.6
           1480            709.6
           1500            716.4
           1575            751.6
           1620            772.7
           1700            809.7
           1800            854.7
           1915            909.7
           2010            957.7
           2080            989.8
           2140           1019.8
           2200           1048.8
           2275           1080.8
           2354           1113.1
           2412           1133.1
           2500           1163.6
           2535           1177.1
           2595           1197.1
           2660           1219.1
           2720           1237.1
           2800           1260.6
           2870           1284.2
           2925           1303.2
           2990           1323.2
           3052           1343.2
           3100           1357.2
           3134           1368.2
