  well_0037
Well: 6407/6-4
Column 1: Depth MDRKB (m)
Column 2: One way time (ms)



            600              339
            700              385
            800              427
            900              465
           1000              506
           1100              545
           1200              587
           1300              636
           1400              685
           1500              735
           1600              787
           1700              840
           1800              891
           1880              931
           1900              939
           2020              995
           2070             1017
           2120             1038
           2170             1057
           2220             1078
           2270             1097
           2320             1117
           2370             1137
           2420             1156
           2470             1174
           2520             1193
           2570             1210
           2620             1230
           2645             1238
           2670             1245
           2745             1267
           2770             1274
           2795             1281
           2820             1288
           2870             1301
           2920             1315
           2970             1329
           3020             1344
           3070             1358
           3120             1372
