# Well well_0039
# Column 1 depth MDRKB (m)
# Column 2 Tcorr oneway time (ms)

          348.2           213.55
           1110           568.56
           1461           706.44
           2134          1015.79
           2455          1165.23
           2665          1252.86
           3000          1381.09
           3030          1391.09
           3060          1402.59
           3090          1413.89
           3120           1422.2
           3150           1433.8
           3180             1444
           3210             1454
           3240          1464.51
           3270          1475.11
           3300          1485.41
           3330          1495.21
           3360          1505.51
           3390          1516.21
           3420          1526.72
           3450          1536.52
           3480          1547.72
           3510          1557.32
           3540          1566.72
           3570          1577.43
           3600          1589.03
           3630          1598.13
           3660          1606.53
           3690          1617.33
           3720          1626.13
           3750          1635.84
           3780          1646.94
           3810          1657.94
           3840          1665.64
           3870          1676.94
           3900          1685.74
           3930          1694.94
           3960          1702.45
           3990          1708.75
           4020          1716.05
           4050          1723.35
           4080          1729.95
           4110          1737.55
           4140          1744.86
           4170          1752.86
           4200          1759.66
           4230          1766.06
           4260          1773.16
           4290          1779.76
           4320          1787.16
           4350          1794.16
           4380          1800.87
         4407.6          1808.57
           4440          1816.07
           4470          1823.47
           4500          1831.27
           4530          1838.57
           4560          1844.67
           4590          1851.27
           4620          1860.27
           4650          1867.58
           4680          1874.98
           4710          1882.08
           4735          1886.38
           4770          1896.18
           4800          1902.08
           4830          1910.98
