# Well well_0052
# Column 1 depth MDRKB (m)
# Column 2 Tcorr oneway time (ms)

            377            239.6
           1100            584.2
           1120            590.6
           1140            600.4
           1160            606.8
           1180              616
           1200            623.2
           1220            632.1
           1240              640
           1260            647.2
           1280            655.8
           1300            663.3
           1320            670.8
           1340            678.7
           1360            686.2
           1380            693.5
           1400            701.5
           1420              709
           1440            716.9
           1460            725.2
           1480            733.8
           1500            742.3
           1520            750.9
           1540            759.9
           1560            768.6
           1580            776.9
           1600            785.1
           1610            789.3
           1620            793.5
           1630            797.8
           1640            801.2
           1650            805.1
           1660            808.9
           1670              813
           1680            817.1
           1690            821.2
           1700            825.2
           1710            828.9
           1720            833.1
           1730            836.8
           1740            840.7
           1750            845.4
           1760            849.7
           1770            853.9
           1780            858.3
           1790            862.5
           1800            866.9
           1810            872.2
           1820            876.8
           1830            881.1
           1840            885.9
           1850            890.6
           1860            894.9
           1870            900.3
           1880            904.9
           1890            909.2
           1900            913.9
           1910            918.7
           1920            923.1
           1930            928.3
           1940            932.9
           1950            937.6
           1960            942.3
           1970            946.5
           1980            950.6
           1990            955.6
           2000            960.2
           2010            964.7
           2020            969.1
           2030            973.2
           2040            977.3
           2050            982.2
           2060            986.4
           2070            990.6
           2121           1011.3
           2130           1015.4
           2141           1019.1
           2150           1023.1
           2160           1028.5
           2170             1031
           2190           1037.2
           2200           1040.6
           2210           1044.9
           2220           1050.1
           2230           1052.9
           2240           1056.7
           2250           1059.7
           2260           1062.6
           2270           1068.5
           2280           1071.7
           2290           1074.2
           2300           1078.2
           2310             1081
           2320           1084.4
           2330           1088.2
           2340             1091
           2350           1094.3
           2360           1097.8
           2370           1100.4
           2380           1103.2
           2390           1106.9
           2400             1111
           2410           1113.9
           2420           1117.5
           2430           1119.9
           2440           1122.8
           2450           1126.6
           2460           1131.1
           2470           1134.5
           2480           1138.1
           2490           1140.4
           2500           1142.7
