# Well well_0022
# Column 1 depth MDRKB (ft)
# Column 2 Tcorr oneway time (ms)

           7400          1130.94
           7450          1137.98
           7500          1146.75
           7550          1153.98
           7600          1159.47
           7650           1167.1
           7700          1174.86
           7750          1181.16
           7800           1188.6
           7850          1195.65
           7900          1202.78
           7950           1209.6
           8000          1216.55
           8050          1224.69
           8100          1230.62
           8150          1237.43
           8200          1243.12
           8250          1249.93
           8300          1256.61
           8350          1263.79
           8400          1271.94
           8450          1277.17
           8500          1283.82
           8550          1290.34
           8600          1297.68
           8650          1304.37
           8700          1310.63
           8750           1316.8
           8800          1322.81
           8850           1329.1
           8900           1335.8
           8950          1342.22
           9000          1349.29
           9050          1355.59
           9100          1361.98
           9150          1368.29
           9200          1374.46
           9250          1380.14
           9300          1386.21
           9350          1392.21
           9400          1398.73
           9450          1404.06
           9500          1409.98
           9550          1415.75
           9600          1421.28
           9650          1429.75
           9700           1435.1
           9750          1440.99
           9800          1446.79
           9850           1452.4
           9900          1458.61
           9950          1463.23
          10000          1468.76
          10050          1474.92
          10100          1480.18
          10150          1485.09
          10200          1489.69
          10250          1494.37
          10300           1497.8
          10350          1501.45
          10400          1504.96
          10450          1508.71
          10500          1511.44
          10550          1514.75
          10600          1518.16
          10650          1521.21
          10700          1524.51
          10750           1527.1
          10800          1529.93
          10850          1533.32
          10900          1535.16
          10950          1538.05
          11000          1540.86
          11050          1544.13
          11100          1546.77
          11150          1549.99
          11200          1552.67
          11250          1556.24
          11300          1558.67
          11350          1561.51
          11400          1566.82
          11450           1570.1
          11500          1573.37
          11550          1576.71
          11600          1580.43
          11650           1583.8
          11700          1585.77
          11750          1588.93
          11800          1592.66
          11850          1595.05
          11900          1598.86
          11950          1601.65
          12000          1606.06
          12050           1608.4
          12100          1611.21
          12150          1614.39
          12200          1617.66
          12250          1622.92
          12300          1624.19
          12350          1626.91
          12400          1630.94
          12450             1633
          12500          1635.49
          12550          1638.85
          12600          1641.37
          12650          1645.67
          12750          1649.29
          12800           1653.3
          12850           1655.1
          12900          1658.04
          12950          1661.09
          13000          1663.83
          13050          1666.83
          13100          1671.25
          13150          1674.41
          13200          1678.19
          13250          1680.38
          13300          1683.07
          13350          1685.94
          13400          1690.24
          13450          1694.71
          13500          1698.55
          13550          1702.86
          13600          1708.27
          13650          1712.03
          13700           1716.2
          13750          1719.89
          13800           1724.2
          13850          1728.96
          13900          1732.25
          13950          1736.47
          14000          1741.16
          14050          1744.66
          14100          1749.05
          14150          1752.89
          14200          1757.01
          14250          1760.72
          14300          1764.59
          14350          1768.06
          14400          1771.97
          14450          1774.54
          14500          1778.69
          14550          1782.69
          14600          1786.08
          14650          1790.47
          14700          1794.22
          14750          1797.07
          14800          1800.75
          14850           1803.9
          14900          1807.78
          14950          1810.71
          15000          1815.12
          15050           1818.8
          15100          1821.98
          15150          1825.32
          15200          1830.28
          15250          1831.49
          15300          1834.54
          15350          1837.93
          15400          1842.44
          15450           1844.4
          15500          1847.42
          15550          1850.78
          15600          1853.31
          15650          1856.88
          15700          1860.28
          15750          1862.62
