# Well well_0043
# Column 1 depth MDRKB (m)
# Column 2 Tcorr oneway time (ms)

        1000.03              531
        1100.08              571
        1400.27              691
         1500.3              728
        1600.32              769
        1800.33              852
        1900.34              900
        2000.34              947
        2100.35              992
        2300.36             1092
        2350.36             1117
        2370.36             1126
        2390.37             1134
        2430.37             1153
        2450.37             1164
        2470.37             1172
        2550.37             1203
        2590.37             1226
        2610.37             1235
        2630.37             1243
        2650.38             1251
        2670.38             1258
        2710.39             1277
        2730.39             1282
         2750.4             1288
         2770.4             1297
        2790.41             1304
        2850.43             1332
        2890.44             1344
        2910.45             1352
        2930.45             1359
        2950.46             1365
        2970.46             1373
        2990.46             1381
        3010.47             1387
        3030.47             1395
        3050.48             1402
        3070.48             1410
        3090.49             1417
        3110.49             1422
         3130.5             1433
        3170.51             1447
        3190.52             1453
        3250.54             1475
        3270.54             1481
        3310.55             1496
        3330.56             1502
        3350.57             1508
        3370.57             1516
        3390.57             1523
        3410.58             1530
        3430.58             1538
        3450.58             1545
        3470.58             1552
        3490.58             1558
        3510.58             1564
        3530.58             1570
        3550.58             1576
        3570.58             1582
        3590.58             1589
        3610.58             1595
        3630.58             1602
        3650.59             1609
        3670.59             1616
        3690.59             1622
        3710.59             1628
        3730.59             1634
         3750.6             1640
        3790.61             1656
        3810.61             1663
        3850.62             1674
        3870.62             1683
        3890.63             1688
        3910.64             1692
        3930.64             1697
        3970.65             1707
        3990.65             1711
        4030.66             1719
        4050.67             1724
        4070.67             1729
        4090.68             1734
        4110.68             1738
        4130.69             1743
        4150.69             1748
         4170.7             1753
         4190.7             1758
        4210.71             1763
        4230.72             1768
        4250.73             1773
        4270.74             1778
        4290.75             1782
        4330.77             1789
