# Well well_0030
# Column 1 depth MDRKB (m)
# Column 2 Tcorr oneway time (ms)

            335            206.2
            455            274.8
            623            357.2
            875            475.5
           1072            569.6
           1210            630.6
           1325            687.7
           1550            795.7
           1728            883.7
           1910            956.8
           2178           1056.8
           2350           1123.8
           2627           1219.8
           2815           1286.9
           3000           1346.9
           3240           1423.9
           3540           1522.9
           3604           1542.9
           3793           1595.9
           3890           1622.9
