# Well: well_0001
# Column 1: Depth MDRKB (m)
# Column 2: Tcorr one way time (ms)

           1000           522.43
           1130           581.34
           1500           757.53
           1525           769.84
           1550           781.65
           1575           794.16
           1600           805.67
           1625           817.68
           1650           829.78
           1675           841.89
           1700            853.8
           1725           865.61
           1750           876.11
           1775           887.12
           1800           900.13
           1825           912.03
           1850           924.34
           1875           936.25
           1900           948.35
           1925           959.86
           1950           971.76
           1975           982.97
           2000           994.57
           2025          1006.28
           2050          1017.78
           2075          1029.49
           2100          1041.19
           2125           1052.9
           2150           1063.5
           2175          1074.51
           2200          1085.61
           2225          1096.12
           2250          1106.82
           2275          1116.13
           2300          1123.63
           2325          1130.64
           2350          1136.64
           2375          1142.85
           2400          1148.65
           2425          1154.96
           2450          1160.46
           2475          1166.47
           2500          1172.07
           2525          1177.27
           2550          1182.48
           2575          1188.68
           2600          1193.79
           2625          1200.19
           2650          1206.29
           2675           1211.8
           2700           1217.4
           2725          1223.41
           2750          1229.41
           2775          1236.01
           2800          1243.02
           2825          1254.42
           2850          1263.72
           2875          1272.12
           2900          1278.63
           2925          1285.53
           2950          1291.83
           2975          1297.53
           3000          1304.94
           3025          1313.84
           3050          1321.34
           3075          1327.14
           3100          1332.85
           3125          1339.45
           3150          1345.45
