# Well well_0056
# Column 1 depth MDRKB (ft)
# Column 2 Tcorr oneway time (ms)

           2000            321.2
           4770            690.3
           4780            690.7
           4840            702.2
           4900            709.2
           4970            721.9
           5040            732.6
           5110            741.4
           5170            749.1
           5230            756.9
           5290            765.6
           5350            776.1
           5410            783.9
           5470            792.6
           5530            804.1
           5590            809.9
           5650            820.4
           5710            829.1
           5770            839.7
           5830            848.4
           5890              858
           5950            867.7
           6010            878.1
           6070            885.8
           6130            898.1
           6190            905.7
           6250            916.1
           6310            923.6
           6370            928.4
           6430            944.3
           6490              952
           6550            962.4
           6610            970.3
           6680            980.6
           6740            990.1
           6800           1000.5
           6860           1009.8
           6920           1021.3
           6980           1032.7
           7040           1044.2
           7100           1052.6
           7160             1063
           7220           1074.2
           7280           1081.7
           7350           1094.7
           7420             1105
           7480           1115.3
           7540           1129.5
           7600           1137.8
           7660           1150.1
           7720           1160.2
           7790           1170.8
           7860           1182.3
           7920           1192.7
           7980           1202.7
           8040           1212.1
           8110           1223.9
           8180           1233.2
           8250           1243.6
           8320             1256
           8390           1265.2
           8460           1276.2
           8530           1284.1
           8600           1297.2
           8670           1308.3
           8740           1317.8
           8810           1324.3
           8880           1336.4
           8950           1345.6
           9020           1355.4
           9090           1364.2
           9160           1375.3
           9230           1386.3
           9290           1397.3
           9360           1404.7
           9430           1415.8
           9500             1424
           9570           1433.1
           9640             1444
           9710           1451.1
           9780             1459
           9860           1470.7
           9940           1477.6
          10020             1488
          10100           1493.9
          10190           1504.3
          10290             1513
          10390           1522.6
          10490             1533
          10590           1542.7
          10690           1552.8
          10790           1557.5
          10890           1567.4
          10990           1575.7
          11090           1582.4
          11190           1589.8
          11290           1598.5
          11390             1603
          11490             1609
          11590           1616.7
          11690           1621.9
          11790           1629.2
          11890           1633.2
          11990           1637.3
          12090           1644.2
          12190           1649.9
          12290           1656.3
          12390           1663.2
          12490           1667.7
          12590           1678.7
