# Well:2/5-7 well_0009
# Column 1: Depth MDRKB (m)
# Column 2: Tcorr oneway time (ms)

           1065            548.5
           1250            636.6
           1550            785.8
           1625            822.8
           1875            953.9
           2225           1132.9
           2275           1158.9
           2350             1196
           2523             1279
           2850           1427.1
           3000             1492
           3130           1545.1
           3175           1560.1
           3270           1586.1
           3485           1636.1
           3600           1658.1
           3765           1691.1
           3974           1733.1
           4025           1743.1
           4082           1754.1
           4108           1761.1
           4345           1850.1
           4395           1867.1
           4495           1897.2
