1510 743.98 well_0040
           1987           955.09
           2200          1059.12
           2332          1121.14
           2750          1299.18
           2775          1308.18
           2850          1338.19
           2875          1348.19
           2900          1358.19
         2924.8           1367.2
           2950           1377.2
           2975           1386.2
           3000           1395.2
           3025           1404.2
         3050.1          1413.21
           3075          1422.21
           3100          1431.21
           3125          1440.21
           3150          1448.21
           3175          1457.21
           3200          1465.22
           3225          1473.22
           3250          1482.22
           3275          1490.22
           3300          1499.22
           3325          1508.22
           3350          1517.23
           3375          1525.23
           3400          1533.23
           3425          1542.23
           3450          1550.23
           3475          1559.23
           3500          1567.24
           3525          1576.24
           3550          1584.24
           3575          1592.24
           3600          1600.24
           3625          1609.24
           3650          1617.24
           3675          1626.25
           3700          1634.25
           3725          1642.25
           3750          1650.25
           3775          1658.25
           3800          1666.25
           3825          1674.25
           3850          1681.25
           3875          1688.26
           3900          1693.26
         3925.1          1698.26
           3950          1704.26
           3975          1712.26
           4000          1718.26
           4025          1723.26
           4050          1729.26
           4075          1734.27
           4100          1740.27
           4125          1746.27
           4150          1752.27
           4175          1759.27
           4200          1765.27
           4225          1770.27
           4250          1776.27
           4275          1782.27
           4300          1788.28
           4325          1794.28
           4350          1802.28
