# Well well_0031
# Column 1 depth MDRKB (m)
# Column 2 Tcorr oneway time (ms)

            900            491.4
           1200            623.4
           1400            702.4
           1600            778.4
           1700            820.4
           1800            865.4
           1900            913.4
           2000            958.4
           2100           1007.4
           2200           1054.4
           2225           1070.4
           2250           1084.4
           2275           1096.4
           2300           1107.4
           2325           1121.4
           2350           1129.4
           2375           1143.4
           2400           1152.4
           2425           1166.4
           2450           1182.4
           2475           1192.4
           2500           1204.4
           2525           1216.4
           2550           1225.4
           2575           1239.4
           2600           1246.4
           2625           1255.4
           2650           1266.4
           2675           1275.4
           2700           1283.4
           2725           1294.4
           2750           1307.4
           2775           1314.4
           2800           1324.4
           2825           1333.4
           2850           1345.4
           2875           1353.4
           2900           1367.4
           2925           1369.4
           2950           1380.4
           2975           1392.4
           3000           1399.4
           3025           1409.4
           3050           1421.4
           3075           1426.4
           3100           1435.4
           3125           1442.4
           3150           1452.4
           3175           1459.4
           3200           1467.4
           3225           1478.4
           3250           1488.4
           3275           1497.4
           3300           1504.4
           3325           1512.4
           3350           1523.4
           3375           1531.4
           3400           1539.4
           3425           1549.4
           3450           1553.4
           3475           1565.4
           3500           1571.4
           3525           1583.4
           3550           1589.4
           3575           1598.4
           3600           1607.4
           3625           1615.4
           3650           1623.4
           3675           1631.4
           3700           1641.4
           3725           1647.4
           3750           1658.4
           3775           1664.4
           3800           1672.4
           3825           1682.4
           3850           1687.4
           3875           1699.4
           3900           1705.4
           3925           1711.4
           3950           1719.4
           3975           1726.4
           4000           1729.4
           4025           1735.4
           4050           1743.4
           4075           1747.4
           4100           1755.4
           4125           1759.4
           4150           1766.4
           4175           1772.4
           4200           1776.4
           4225           1785.4
           4250           1790.4
           4275           1796.4
           4300           1803.4
           4325           1809.4
           4350           1814.4
           4375           1817.4
           4400           1825.4
           4425           1832.4
           4450           1838.4
           4475           1843.4
           4500           1851.4
           4525           1856.4
