# Well well_0038
# Column 1 depth MDRKB (m)
# Column 2 Tcorr oneway time (ms)

         830.17           468.14
            980           535.47
           1000           540.52
           1040           558.92
           1060           563.95
           1080            574.6
           1100           583.42
           1120           593.11
           1140           598.89
           1160           609.54
           1180           617.96
           1200           625.16
           1220           633.04
           1240           639.68
           1320           670.15
           1340           680.84
           1360           687.94
           1380           695.22
           1400           702.24
           1420           711.32
           1440           718.71
           1460           727.01
           1480           735.31
           1500           744.08
           1520           753.74
           1540           762.89
           1560           770.72
           1580           780.72
           1600           789.26
           1620           798.67
           1640           806.77
           1660           815.53
           1680           823.77
           1700           832.34
           1720           838.51
           1740           850.45
           1760           857.23
           1780           867.09
           1800           870.63
           1820           883.53
           1840              892
           1860           902.43
           1880           907.28
           1900           920.77
           1920           930.06
           2000           967.22
           2020           972.91
           2060           996.89
           2080          1007.63
           2100          1017.26
           2120           1026.2
           2140           1037.1
           2160          1047.82
           2180          1056.21
           2200          1069.92
           2220          1080.73
           2240          1089.86
           2260          1099.64
           2280             1109
           2300          1118.92
           2320          1129.17
           2340          1139.33
           2360          1149.95
           2380          1160.19
           2400          1169.88
           2420          1179.27
           2440          1189.02
           2460          1197.54
           2480          1206.84
           2500          1215.81
           2520          1224.83
           2540          1235.32
           2560          1244.26
           2580          1253.18
           2600          1261.76
           2620          1270.22
           2640           1278.6
           2660          1286.23
           2680          1294.53
           2700          1302.72
           2720          1310.89
           2740          1319.44
           2760          1327.04
           2780          1334.49
           2800          1342.03
           2820          1349.95
           2840          1357.53
           2860          1365.08
           2880          1372.55
           2900           1380.1
           2920          1387.94
           2940          1395.81
           2960          1403.27
           2980          1410.97
           3000           1418.6
           3020          1426.56
           3040             1434
           3060          1441.34
           3080          1449.13
           3100          1455.49
           3120          1462.69
           3140          1469.97
           3160          1476.86
           3180          1485.15
           3200          1490.56
           3220          1497.48
           3240          1504.07
           3260          1510.41
           3280          1517.08
           3300          1524.37
           3320          1531.07
           3340          1537.42
           3360          1544.02
           3380          1551.14
           3400          1557.35
           3420          1563.89
           3440          1570.25
           3460          1576.22
           3500          1587.57
           3520          1595.13
           3540          1602.34
           3560          1608.95
           3580          1615.86
           3600          1622.78
           3620          1628.75
           3640          1635.29
           3660           1642.7
           3680          1649.34
           3700          1655.62
           3720          1662.31
           3740          1668.92
           3760          1675.23
           3780          1681.71
           3800          1688.25
           3820          1694.79
           3840          1700.93
           3860          1707.47
           3880          1713.55
           3900           1719.5
           3920          1725.81
           3940          1732.22
           3960           1738.4
           3980          1744.41
           4000          1750.55
           4020          1756.56
           4040          1762.89
           4060          1769.54
           4080          1775.68
           4100          1781.71
           4120          1788.09
           4140          1794.05
           4160          1799.84
           4180          1806.41
           4200          1812.34
           4220           1817.3
           4240          1823.71
           4260          1827.76
           4280          1831.78
           4300          1836.34
           4320          1841.13
           4340          1845.54
           4360             1851
           4380          1855.38
           4400           1859.8
           4420          1863.83
           4440          1868.49
           4460          1873.21
           4480          1877.74
           4500          1882.25
           4520             1887
           4540          1890.93
           4560           1895.9
           4580           1899.9
           4600          1904.73
           4620          1908.68
           4640          1913.25
           4660          1917.85
           4680          1922.86
           4700          1927.48
           4720          1932.28
           4740          1936.09
           4760             1941
           4780          1945.39
           4800          1950.41
        4810.68          1952.85
