# Well well_0045
# Column 1 depth MDRKB (m)
# COlumn 2 Tcorr oneway time (ms)

            500            253.9
            800            394.5
           1015            493.6
           1055            510.6
           1362            644.8
           1433            679.8
           1750            825.9
           2000            948.9
           2250           1065.9
           2500           1179.9
           2750             1287
           2923             1358
           3017             1393
           3132             1434
           3218             1462
           3287             1475
           3354             1484
           3383             1486
