# Well well_0050
# Column 1 depth MDRKB (m)
# Column 2 Tcorr oneway time (ms)

            875            478.3
           1025            544.1
           1050            555.5
           1075            567.8
           1100            576.7
           1125            586.2
           1150            597.6
           1175              608
           1200            615.6
           1225            625.3
           1250            635.1
           1275            644.9
           1300            654.6
           1325            664.8
           1350            673.7
           1375            682.9
           1400            693.7
           1425            702.5
           1450            711.7
           1475            721.5
           1500            732.1
           1525            742.6
           1550            752.7
           1575            765.2
           1600            775.5
           1625            785.9
           1650            796.6
           1675            806.9
           1700            817.5
           1725            827.2
           1750            837.3
           1775            848.1
           1800            858.3
           1825              869
           1850              880
           1875            891.5
           1900            902.9
           1925            915.5
           1950            927.1
           1975            938.1
           2000            950.5
           2025            961.1
           2050            971.5
           2075            982.8
           2100            994.2
           2125           1005.4
           2150           1015.7
           2175             1026
           2200           1036.9
           2225           1046.3
           2275           1066.8
           2300           1075.9
           2325           1084.3
           2350           1091.8
           2375           1100.3
           2400           1109.3
           2425           1117.5
           2450           1124.6
           2475           1134.5
           2500           1141.5
           2525           1149.8
           2550           1157.4
           2575           1163.8
           2600             1172
           2625           1178.9
           2650           1186.9
