  well_0047
# Well 6507/2-1
# Column 1: Depth MDRKB (m)
# Column 2: Tcorr one way time (ms)



           1436           733.23
           1855           934.89
           1880            945.5
           1905            958.3
           1955           980.02
           2008          1004.83
           2055             1028
           2105          1050.35
           2155          1074.76
           2205          1099.97
           2255          1121.18
           2305          1144.99
           2355           1164.7
           2405          1187.81
           2455          1208.72
           2505          1228.53
           2555          1249.04
           2605          1268.05
           2655          1288.15
           2680          1297.26
           2705          1305.26
           2730          1314.07
           2755          1323.47
           2780          1300.27
           2805          1341.38
           2830          1349.98
           2855          1358.48
           2880          1368.19
           2905          1377.79
           2930          1387.09
           2955           1395.8
           2980           1403.4
           3005           1412.2
           3030          1421.61
           3055          1428.31
           3080          1437.41
           3105          1445.72
           3130          1455.02
           3155          1462.82
           3180          1473.02
           3205          1481.63
           3230          1491.63
           3255          1500.03
           3280          1506.03
           3305          1513.54
           3330          1522.74
           3355             1531
           3380          1538.24
           3405          1548.05
           3430          1556.55
           3455          1563.65
           3480          1572.35
           3505          1580.15
           3530          1587.56
           3555          1594.56
           3580          1602.06
           3606          1609.46
           3615          1613.66
           3628          1617.67
           3650          1625.87
           3675          1633.87
           3700          1640.27
           3725          1648.37
           3750          1655.87
           3775          1664.88
           3800          1672.18
           3825          1680.48
           3850          1686.88
           3875          1693.48
           3900          1699.39
           3925          1707.99
           3950          1714.39
           3975          1721.89
           4000          1727.09
           4025          1733.39
           4046           1741.7
           4075           1748.3
           4100           1753.9
           4123             1762
           4147           1768.6
           4175           1773.9
           4195          1778.81
           4229          1788.21
           4247          1794.01
           4275          1802.91
           4300          1807.91
           4323          1812.41
           4356          1820.91
           4375          1825.92
           4400          1831.42
           4425          1837.52
         4449.9          1845.52
