# Well well_0032
# Column 1 depth MDRKB (m)
# Column 2 Tcorr oneway time (ms)

            713           396.85
            860           462.18
           1014            530.4
           1123           573.52
           1272           633.64
           1422           688.74
           1550            742.8
           1700           809.86
           1842            876.9
           2000           952.94
           2039           973.95
           2080           994.96
           2111          1010.96
           2161          1036.97
           2191          1052.98
           2207          1060.98
           2241          1074.99
           2270          1088.99
           2305             1107
           2322             1115
           2360          1133.01
           2390          1148.01
           2418          1160.02
           2460          1178.02
           2490          1191.03
           2535          1209.04
           2565          1222.04
           2597          1234.05
           2627          1245.05
           2660          1260.05
           2685          1270.06
           2750          1297.07
           2780          1309.07
           2810          1321.08
           2835          1329.08
           2870          1344.08
           2900          1353.09
           2930          1364.09
           2960          1375.09
           2990           1386.1
           3020           1397.1
           3049           1408.1
           3095          1423.11
           3127          1434.11
           3157          1445.12
           3171          1450.12
           3220          1467.12
           3250          1477.13
           3282          1488.13
           3316          1499.13
           3340          1507.14
           3370          1517.14
           3400          1527.14
           3431          1536.14
           3465          1547.15
           3500          1558.15
           3529          1567.15
         3557.4          1578.15
           3600          1593.16
           3630          1602.16
           3662          1611.16
           3690          1617.17
           3719          1624.17
           3750          1631.17
           3775          1636.17
           3795          1641.17
           3816          1648.18
           3850          1655.18
           3905          1669.18
           3935          1675.19
           3965          1682.19
           4000          1692.19
           4030          1700.19
           4055          1707.19
           4095           1716.2
           4125           1722.2
           4155           1730.2
           4180           1736.2
           4240          1748.21
           4270          1754.21
           4300          1764.21
           4335          1771.21
           4368          1780.21
           4402          1789.21
           4433          1796.22
           4470          1805.22
           4500          1815.22
           4530          1824.22
