# Well well_0053
# Column 1 depth MDRKB (m)
# Column 2 Tcorr oneway time (ms)

           1540              759
           1560            768.4
           1580            777.4
           1600            787.1
           1620            796.8
           1640            806.3
           1660            815.3
           1680            824.4
           1700            834.4
           1720            843.7
           1760            860.4
           1780            870.2
           1800            879.5
           1820              888
           1840            899.4
           1860            909.8
           1880            920.6
           1900            929.3
           1920            938.3
           1940            947.5
           1960            957.4
           1980            966.1
           2000              975
           2020            984.9
           2040            993.9
           2060           1002.3
           2080           1010.1
           2100           1018.9
           2120           1026.7
           2140           1034.8
           2160           1043.2
           2180           1051.5
           2200             1060
           2220             1068
           2240           1076.1
           2260           1084.2
           2280           1091.2
           2300             1098
           2320           1104.7
           2340           1113.8
           2360           1120.8
           2380           1129.3
           2400           1137.7
           2420           1144.9
           2440           1153.2
           2460             1161
           2480           1168.5
           2500           1176.6
           2520           1184.4
           2540           1191.3
           2550           1193.7
           2560           1197.8
           2570           1200.6
           2580           1203.7
           2590           1207.1
           2600           1210.4
           2610           1214.1
           2620           1217.2
           2630           1221.1
           2640           1224.8
           2650           1227.4
           2660           1231.1
           2670           1233.3
           2680           1237.4
           2690           1239.8
           2700           1243.8
           2710           1246.4
           2720             1249
           2730           1251.9
           2740           1254.9
           2750           1257.5
           2760           1260.1
           2770           1263.7
           2780             1266
           2790           1269.4
           2800           1271.9
           2810           1275.5
           2820           1277.7
           2830           1281.1
           2840           1283.6
           2850           1286.8
           2860           1289.4
           2870           1291.3
           2880           1294.6
           2890           1297.5
           2900           1300.3
           2910           1302.9
           2920           1306.4
           2930           1308.7
           2940           1312.1
           2950           1315.2
           2960           1318.2
           2970             1321
           2980           1324.6
           2990             1327
           3000             1330
           3010           1332.5
           3020           1335.6
           3030           1338.5
           3040           1340.1
           3050           1343.8
           3060           1346.9
           3070           1349.3
           3080           1351.4
           3090           1354.4
           3100           1357.5
           3110           1360.2
           3120           1362.7
           3130           1366.7
           3140           1369.7
           3150           1372.5
           3160           1375.2
           3170           1378.2
           3180           1381.6
           3190             1384
           3200           1387.8
           3210           1390.7
           3220           1392.5
           3230           1395.6
           3240           1398.3
           3250           1401.4
           3260           1404.5
           3270           1406.8
           3280           1411.2
           3290           1413.6
           3300           1417.6
           3310           1420.8
           3320           1423.7
           3330           1427.1
           3340           1429.5
           3350           1432.1
           3360           1434.7
           3370           1437.9
           3380           1440.2
           3390             1443
           3400           1446.1
           3410           1448.4
           3420           1450.9
           3430           1453.6
           3440           1455.9
           3450           1459.5
           3460           1461.2
           3470           1463.6
           3480           1465.7
           3490           1469.3
           3500           1470.7
           3510           1473.1
           3520           1476.5
           3530           1478.8
           3540           1480.4
           3550           1482.3
           3560           1485.8
           3570           1488.5
           3580           1490.8
           3590           1493.1
           3600           1495.9
           3610           1498.2
           3620           1500.6
           3630           1502.8
           3640           1505.6
           3650           1507.5
           3660             1510
