# Well: well_0023
# Column 1: Depth MDRKB (m)
# Column 2: Tcorr one way time (ms)

            500            232.4
            760            385.7
            975            502.9
           1050            540.9
           1105              565
           1145              587
           1290              659
           1357            691.1
           1650            848.1
           1922            988.2
           2303           1194.2
           2620           1343.3
           2734           1396.3
           2872           1454.3
           2945           1484.3
           3044           1519.3
           3072           1531.3
           3103           1537.3
           3312           1594.3
           3663           1676.4
           3705           1686.4
