# Well well_0054
# Column 1 depth MDRKB (m)
# Column 2 Tcorr oneway time (ms)

            406            258.5
           1000            533.5
           1020            542.9
           1040            553.2
           1060            562.3
           1680              820
           1700            828.8
           1740            848.8
           1760            859.3
           1800            881.3
           1960            963.2
           1980            970.2
           2000            982.1
           2040             1000
           2060           1007.8
           2100             1027
           2120           1035.2
           2140           1043.9
           2160             1053
           2180           1061.5
           2200           1069.8
           2220           1078.3
           2240             1087
           2260           1095.7
           2280           1103.7
           2300           1111.6
           2320           1119.8
           2340           1128.3
           2350           1131.6
           2360           1136.4
           2370           1139.6
           2380           1143.6
           2390           1147.5
           2400           1151.1
           2410           1153.9
           2420           1158.4
           2430           1162.5
           2440           1166.9
           2450           1171.4
           2460           1175.4
           2470           1179.1
           2490           1187.1
           2500           1190.2
           2510             1194
           2520           1197.8
           2530           1202.5
           2556           1212.9
           2565           1214.2
           2570           1215.7
           2575           1217.1
           2576           1217.5
           2580           1218.7
           2585           1220.9
           2590           1222.5
           2595             1224
           2596           1224.3
           2600           1225.8
           2605           1227.5
           2610           1229.5
           2616           1231.2
           2620           1232.5
           2625           1233.8
           2630           1235.3
           2635           1237.5
           2640           1239.3
           2645           1240.8
           2650             1242
           2655           1243.6
           2660           1245.1
           2670           1248.2
           2680             1252
           2690           1254.5
           2700           1257.9
           2710           1261.2
           2720             1265
           2730           1267.1
           2740           1269.9
           2750             1273
           2760           1276.4
           2770           1278.1
           2780           1281.2
           2790           1283.6
           2800           1287.6
           2810           1291.7
           2820           1293.4
           2830           1296.8
           2840             1299
           2850           1301.8
           2860           1305.1
           2870           1307.8
           2880           1310.3
           2890           1313.5
           2900           1316.7
