# Well well_0041
# Column 1 depth MDRKB (m)
# Column 2 Tcorr oneway time (ms)

           1460            840.7
           1865            876.1
           1950            907.1
           1975            917.1
           2000            937.1
           2025            951.1
           2050            958.2
           2075            967.2
           2100            985.2
           2125            995.2
           2150           1011.2
           2175           1025.2
           2200           1039.2
           2225           1051.2
           2250           1062.2
           2275           1075.2
           2300           1088.2
           2325           1099.2
           2350           1114.2
           2375           1126.2
           2400           1137.2
           2425           1149.2
           2450           1161.2
           2475           1173.2
           2500           1183.3
           2525           1195.3
           2550           1204.3
           2575           1216.3
           2600           1225.3
           2625           1236.3
           2650           1246.3
           2675           1256.3
           2700           1265.3
           2725           1276.3
           2750           1286.3
           2775           1297.3
           2800           1306.3
           2825           1315.3
           2850           1324.3
           2875           1335.3
           2900           1343.3
           2925           1354.3
           2950           1363.3
           2975           1372.3
           3000           1382.3
           3025           1390.4
           3050           1400.4
           3075           1407.4
           3100           1417.4
           3125           1425.4
           3150           1433.4
           3175           1441.4
           3200           1450.4
           3225           1459.4
           3250           1467.4
           3275           1477.4
           3300           1484.4
           3325           1493.4
           3350           1501.4
           3375           1509.4
           3400           1518.4
           3425           1527.4
           3450           1534.4
           3475           1542.4
           3500           1552.4
           3525           1560.4
           3550           1570.4
           3575           1577.4
           3600           1587.4
           3625           1593.4
           3650           1602.4
           3675           1611.4
           3700           1618.4
           3725           1626.4
           3750           1634.4
           3775           1643.4
           3800           1649.4
           3825           1657.4
           3850           1666.4
           3875           1673.5
           3900           1682.5
           3925           1689.5
           3950           1697.5
           3975           1706.5
           4000           1712.5
           4025           1720.5
           4050           1730.5
           4075           1739.5
           4100           1746.5
           4125           1753.5
           4138           1757.5
           4175           1767.5
           4200           1775.5
           4225           1781.5
           4255           1789.5
           4275           1793.5
           4300           1799.5
           4325           1805.5
           4350           1811.5
           4380           1817.5
           4400           1821.5
           4425           1828.5
           4450           1833.5
           4475           1839.5
           4500           1845.5
           4525           1849.5
           4548           1854.5
           4575           1860.5
           4600           1866.5
           4625           1871.5
           4650           1879.5
           4675           1883.5
           4700           1887.5
           4725           1891.5
           4743           1897.5
