# Well well_0017
# Column 1 depth MDRKB (ft)
# Column 2 Tcorr oneway time (ms)

           2600            413.4
           3000            471.2
           3300            512.2
           3450            534.1
           3600            555.4
           3700            568.5
           3800            583.2
           3850              589
           3950            603.7
           4050            616.1
           4150            631.5
           4250            644.6
           4350            660.5
           4450            672.2
           4500              679
           4850            736.7
           4900            743.6
           4950            751.3
           5000            758.4
           5050            765.5
           5150            781.6
           5200            788.6
           5250            796.5
           5300              804
           5350            811.6
           5400              819
           5450            826.6
           5500              834
           5550            840.9
           5600            849.3
           5650            857.7
           5700            865.4
           5750            874.2
           5800              881
           5850            890.7
           5900              897
           6200            946.1
           6250            955.9
           6300            960.4
           6350            967.9
           6400            975.4
           6450            985.9
           6500            991.9
           6550            997.3
           6600           1004.2
           6650             1014
           6700           1022.3
           6750           1028.7
           6800           1038.1
           6850           1043.7
           7100           1082.1
           7150           1089.9
           7200           1095.7
           7250           1100.1
           7300           1109.7
           7350           1116.1
        7399.97           1122.9
           7450             1131
           7500           1139.6
           7950           1210.7
           8050           1225.9
           8100           1231.9
        8150.15           1240.4
        8199.95           1247.1
        8250.04           1255.5
        8300.14           1260.5
        8350.04           1270.6
        8400.09           1276.4
        8450.14           1282.3
        8500.09             1289
        8550.09           1297.8
        8600.09           1301.7
        8650.09           1308.1
        8700.04           1314.9
        8750.13           1321.3
        8800.03           1326.5
        8850.03           1334.7
        8900.03           1339.9
           8950           1348.4
           9000           1351.9
        9049.98           1358.1
        9100.03           1365.6
        9149.97             1373
        9199.97           1378.7
           9250           1387.9
        9299.97           1392.4
           9350           1397.6
           9400           1403.5
           9450           1409.8
           9500           1417.3
           9550           1424.8
           9600           1431.9
           9650           1439.9
           9700           1447.3
           9750           1451.9
           9800           1456.8
           9850           1464.6
           9900           1470.9
           9950           1475.8
          10000           1482.4
          10050           1487.3
          10100           1493.1
        10149.8           1496.7
          10200           1500.8
          10250           1503.9
          10300           1507.7
          10350           1511.3
          10400           1514.4
          10450           1517.8
          10500           1521.3
          10550           1524.6
          10600           1527.9
          10650             1531
          10700             1534
          10750           1537.3
          10800           1540.3
          10850           1543.5
          10900           1546.7
          10950           1549.9
          11000           1552.7
          11050           1556.3
          11100           1560.3
          11150           1562.4
          11200           1565.8
          11250           1569.5
          11300           1573.4
          11350           1577.2
          11400           1580.9
          11500           1587.3
          11550           1590.9
          11600           1595.1
          11650           1597.6
          11700           1601.2
          11750           1604.2
          11800           1607.2
          11850           1609.5
          11900           1612.5
          11950           1617.2
          12000             1620
          12050           1623.5
          12100           1626.6
          12150           1629.9
          12200             1633
          12250           1636.3
          12300           1639.1
          12350           1642.4
          12400           1644.5
          12450           1647.3
          12500           1651.1
          12550           1653.8
          12600           1656.5
          12650           1659.3
          12700           1662.6
          12750           1665.8
          12800             1669
          12850           1672.7
          12900           1676.1
          12950           1678.8
          13000           1682.7
          13050           1685.8
          13100           1690.2
          13150           1693.5
          13200           1697.3
          13250           1701.2
          13300           1705.4
          13350           1708.5
          13400           1712.5
          13450           1716.4
          13500           1720.5
          13550           1724.1
          13600             1728
          13650           1731.7
          13700           1735.3
          13750           1740.3
          13800           1744.1
          13850           1748.1
          13900             1752
          13950           1755.9
          14000             1760
          14050           1763.7
          14080           1766.1
