# Well well_0042
# Column 1 depth MDRKB (m)
# Column 2 Tcorr oneway time (ms) 

           1400            677.9
           1500              716
           1820            847.1
           1840            852.1
           1860            857.1
           1920            889.3
           1940            902.5
           1960              907
           1980              917
           2000            925.3
           2020            930.1
           2040              943
           2060            954.5
           2080            963.7
           2100            973.4
           2120            983.3
           2140            992.3
           2160           1004.4
           2180           1014.3
           2200           1024.7
           2220             1035
           2240           1045.9
           2260             1055
           2280           1062.9
           2300           1072.4
           2320           1082.2
           2340             1092
           2360           1102.5
           2380           1112.1
           2400           1121.9
           2420           1130.6
           2440           1139.9
           2460           1149.1
           2480           1158.1
           2500           1167.6
           2520             1176
           2540           1185.3
           2560           1193.7
           2580           1202.6
           2600           1211.1
           2620             1219
           2640           1227.8
           2660           1234.9
           2680           1242.9
           2700           1250.2
           2720           1258.6
           2740           1265.5
           2760           1273.8
           2775             1278
           2800           1283.2
           2820           1287.2
           2840             1305
           2860           1312.1
           2880           1319.7
           2900           1322.6
           2920           1334.5
           2940           1340.9
           2960           1348.8
           2980           1355.5
           3000           1363.4
           3020           1369.6
           3040           1377.2
           3060           1384.9
           3080             1391
           3100           1398.2
           3120           1405.4
           3140           1412.6
           3160           1419.1
           3180           1426.1
           3200           1432.1
           3220           1439.5
           3240           1445.9
           3260             1453
           3280           1459.5
           3300           1465.8
           3320           1471.4
           3340             1479
           3360           1485.5
           3380           1491.8
           3400           1498.9
           3420           1505.7
           3440           1512.5
           3460           1519.6
           3479           1525.9
           3500           1532.7
           3520           1539.8
           3540           1546.4
           3560           1553.3
           3580           1559.7
           3600           1566.5
           3620           1573.1
           3640           1579.9
           3660           1585.9
           3680           1592.7
           3700           1599.1
           3720           1605.4
           3740           1611.7
           3760             1618
           3780           1624.6
           3800           1630.6
           3820           1636.8
           3840           1643.4
           3860           1648.9
           3880           1655.2
           3900           1662.9
           3920           1668.4
           3940           1674.6
           3960           1681.6
           3980           1688.3
           4000           1694.4
           4020           1701.9
           4040           1707.8
           4060           1714.1
           4080           1721.4
           4100           1728.9
           4120           1735.9
           4140           1742.6
           4160             1748
           4180           1753.9
           4200           1759.9
           4220           1766.6
           4260           1777.5
           4280           1783.8
           4300             1789
           4320           1794.9
           4340           1800.5
           4360             1806
           4380           1811.5
           4400           1815.7
           4420           1821.5
           4440           1825.5
           4460           1829.5
           4480             1834
           4500           1839.2
           4520           1843.2
           4540           1847.6
           4560           1852.3
           4580           1856.5
           4600           1861.3
           4620             1866
           4640           1870.3
           4660           1874.7
           4680           1879.1
           4700           1883.5
           4720             1889
           4740           1892.4
           4760           1896.8
           4780           1901.1
           4800           1905.1
