# Well well_0051
# Column 1 depth MDRKB (m)
# Column 2 Tcorr oneway time (ms)

           1025            538.2
           1040            544.4
           1055            550.9
           1070            556.1
           1085              563
           1100            568.7
           1115            575.3
           1130            580.8
           1145            585.4
           1160            592.8
           1175              598
           1190            604.2
           1205            611.3
           1220            616.7
           1235            622.9
           1250            628.8
           1265            634.5
           1280            639.9
           1295            646.2
           1310            651.9
           1325            656.7
           1340            663.6
           1355            668.8
           1370            674.7
           1385            680.2
           1400            686.1
           1415              692
           1430            696.2
           1445            701.7
           1460            707.5
           1475            713.3
           1490            719.7
           1505            726.7
           1520            732.4
           1535            739.3
           1550            746.4
           1565            752.6
           1580            758.7
           1595            765.3
           1610            771.3
           1625            777.1
           1640            783.5
           1655            789.5
           1670            795.9
           1685            801.9
           1700            808.3
           1715            814.5
           1730              821
           1745              827
           1760            833.7
           1775            840.6
           1790            846.9
           1805            853.4
           1820            860.3
           1835            867.1
           1850            874.3
           1865            881.2
           1880            888.6
           1895            896.1
           1910            903.4
           1925            910.5
           1940            917.9
           1955            924.5
           1970            932.4
           1985            939.7
           2000            946.2
           2015            952.9
           2030            959.5
           2045            966.3
           2060            974.3
           2075            980.8
           2090            987.5
           2105            993.6
           2120           1000.2
           2135           1006.1
           2150             1013
           2165           1020.2
           2180           1026.5
           2200           1034.5
           2220           1043.7
           2235           1049.4
           2250             1055
           2265           1059.8
           2280           1065.9
           2295           1071.5
           2310           1077.3
           2325           1082.9
           2340           1088.2
           2355           1092.3
           2370           1097.3
           2385           1101.7
           2400           1107.2
           2415           1112.7
           2430           1117.9
           2445           1123.4
           2460           1128.5
           2475           1133.6
           2490           1138.4
           2505           1142.7
           2520           1148.6
           2530           1151.5
           2545           1156.2
           2570           1164.7
