ID	lgth	out	in	long_cov	short1_cov	short1_Ocov	short2_cov	short2_Ocov	long_nb	short1_nb	short2_nb
1	65152	2	2	0.000000	18.717046	18.704706	0.000000	0.000000	0	0	0
2	42212	0	2	0.000000	18.294821	18.273216	0.000000	0.000000	0	0	0
3	8386	1	0	0.000000	18.634271	18.634271	0.000000	0.000000	0	0	0
4	56977	2	0	0.000000	19.150429	19.146972	0.000000	0.000000	0	0	0
5	21801	1	0	0.000000	18.161277	18.161277	0.000000	0.000000	0	0	0
6	20900	1	2	0.000000	18.458230	18.447656	0.000000	0.000000	0	0	0
7	33932	2	0	0.000000	18.861547	18.848285	0.000000	0.000000	0	0	0
8	97575	1	0	0.000000	18.888824	18.868122	0.000000	0.000000	0	0	0
9	8832	2	1	0.000000	17.820086	17.820086	0.000000	0.000000	0	0	0
10	16923	2	0	0.000000	18.462566	18.462566	0.000000	0.000000	0	0	0
11	52699	1	0	0.000000	18.738041	18.729350	0.000000	0.000000	0	0	0
12	101946	1	0	0.000000	18.783680	18.777912	0.000000	0.000000	0	0	0
13	48604	2	1	0.000000	19.856946	19.854456	0.000000	0.000000	0	0	0
14	44743	2	0	0.000000	19.069396	19.062893	0.000000	0.000000	0	0	0
15	63162	1	1	0.000000	19.179222	19.171021	0.000000	0.000000	0	0	0
16	7766	1	2	0.000000	17.104172	17.090136	0.000000	0.000000	0	0	0
17	30918	0	1	0.000000	19.253218	19.250372	0.000000	0.000000	0	0	0
18	53636	0	1	0.000000	19.898240	19.893281	0.000000	0.000000	0	0	0
19	33599	0	1	0.000000	20.589839	20.589839	0.000000	0.000000	0	0	0
20	59875	1	0	0.000000	19.299758	19.269261	0.000000	0.000000	0	0	0
21	59636	1	1	0.000000	18.681216	18.676672	0.000000	0.000000	0	0	0
22	40830	1	1	0.000000	18.435023	18.435023	0.000000	0.000000	0	0	0
23	31227	1	2	0.000000	18.398790	18.387773	0.000000	0.000000	0	0	0
24	25090	0	2	0.000000	19.094380	19.088163	0.000000	0.000000	0	0	0
25	19716	0	2	0.000000	21.224792	21.224792	0.000000	0.000000	0	0	0
26	85145	2	0	0.000000	18.600505	18.592213	0.000000	0.000000	0	0	0
27	112312	1	1	0.000000	18.678547	18.664453	0.000000	0.000000	0	0	0
28	82305	2	0	0.000000	18.735107	18.731742	0.000000	0.000000	0	0	0
29	48063	1	0	0.000000	18.167135	18.138735	0.000000	0.000000	0	0	0
30	31782	1	1	0.000000	18.953527	18.942357	0.000000	0.000000	0	0	0
31	67300	1	1	0.000000	18.814324	18.788752	0.000000	0.000000	0	0	0
32	121175	1	0	0.000000	18.997087	18.988529	0.000000	0.000000	0	0	0
33	47204	0	1	0.000000	18.879163	18.867257	0.000000	0.000000	0	0	0
34	142540	1	0	0.000000	19.173544	19.149958	0.000000	0.000000	0	0	0
35	7704	0	1	0.000000	18.201843	18.201843	0.000000	0.000000	0	0	0
36	43774	1	1	0.000000	18.529104	18.527048	0.000000	0.000000	0	0	0
37	12809	1	1	0.000000	19.540948	19.540948	0.000000	0.000000	0	0	0
38	29	2	1	0.000000	68.620690	54.000000	0.000000	0.000000	0	0	0
39	86	1	1	0.000000	19.860465	19.860465	0.000000	0.000000	0	0	0
40	73656	1	1	0.000000	19.109862	19.103074	0.000000	0.000000	0	0	0
41	17768	0	1	0.000000	22.219158	22.210772	0.000000	0.000000	0	0	0
42	86459	2	1	0.000000	18.530587	18.521311	0.000000	0.000000	0	0	0
43	81	1	1	0.000000	25.913580	25.913580	0.000000	0.000000	0	0	0
44	10981	1	1	0.000000	19.965486	19.965486	0.000000	0.000000	0	0	0
45	65285	1	2	0.000000	19.297174	19.281611	0.000000	0.000000	0	0	0
46	13089	2	2	0.000000	20.843838	20.821148	0.000000	0.000000	0	0	0
47	16353	0	1	0.000000	20.014554	20.014554	0.000000	0.000000	0	0	0
48	35593	0	1	0.000000	19.564971	19.562189	0.000000	0.000000	0	0	0
49	40214	2	1	0.000000	19.526682	19.524593	0.000000	0.000000	0	0	0
50	9679	0	1	0.000000	21.613493	21.613493	0.000000	0.000000	0	0	0
51	1856	0	1	0.000000	18.821121	18.821121	0.000000	0.000000	0	0	0
52	9195	1	1	0.000000	19.792496	19.792496	0.000000	0.000000	0	0	0
53	3369	2	0	0.000000	14.713565	14.713565	0.000000	0.000000	0	0	0
54	58747	1	1	0.000000	18.685873	18.683677	0.000000	0.000000	0	0	0
55	14334	2	0	0.000000	22.270476	22.183550	0.000000	0.000000	0	0	0
56	25862	0	2	0.000000	18.113526	18.113526	0.000000	0.000000	0	0	0
57	123929	1	1	0.000000	18.872338	18.866649	0.000000	0.000000	0	0	0
58	3551	0	0	0.000000	18.334272	18.334272	0.000000	0.000000	0	0	0
59	28601	1	1	0.000000	20.674837	20.654942	0.000000	0.000000	0	0	0
60	4951	1	0	0.000000	17.787922	17.787922	0.000000	0.000000	0	0	0
61	13218	2	0	0.000000	18.712059	18.712059	0.000000	0.000000	0	0	0
62	13506	0	0	0.000000	17.709462	17.701688	0.000000	0.000000	0	0	0
63	26745	2	1	0.000000	19.926640	19.922004	0.000000	0.000000	0	0	0
64	40130	1	1	0.000000	19.537503	19.510815	0.000000	0.000000	0	0	0
65	22567	1	0	0.000000	19.335268	19.276909	0.000000	0.000000	0	0	0
66	46822	2	0	0.000000	19.674170	19.668147	0.000000	0.000000	0	0	0
67	13845	0	0	0.000000	18.274323	18.274323	0.000000	0.000000	0	0	0
68	28905	0	0	0.000000	18.383498	18.383498	0.000000	0.000000	0	0	0
69	52018	0	0	0.000000	19.009862	19.003422	0.000000	0.000000	0	0	0
70	40578	2	0	0.000000	18.882695	18.878161	0.000000	0.000000	0	0	0
71	27809	0	1	0.000000	19.176562	19.146679	0.000000	0.000000	0	0	0
72	28953	2	1	0.000000	18.734501	18.704590	0.000000	0.000000	0	0	0
73	3531	2	0	0.000000	18.916171	18.916171	0.000000	0.000000	0	0	0
74	36292	1	1	0.000000	20.088063	20.071090	0.000000	0.000000	0	0	0
75	80635	0	2	0.000000	18.681838	18.677683	0.000000	0.000000	0	0	0
76	4918	1	2	0.000000	20.319642	20.319642	0.000000	0.000000	0	0	0
77	78574	1	1	0.000000	18.610075	18.599435	0.000000	0.000000	0	0	0
78	5820	1	0	0.000000	19.661684	19.661684	0.000000	0.000000	0	0	0
79	12911	0	2	0.000000	16.817675	16.799164	0.000000	0.000000	0	0	0
80	8334	1	0	0.000000	20.306216	20.306216	0.000000	0.000000	0	0	0
81	35153	1	1	0.000000	17.781953	17.741501	0.000000	0.000000	0	0	0
82	1175	3	2	0.000000	90.847660	90.765106	0.000000	0.000000	0	0	0
83	6856	1	2	0.000000	21.795216	21.795216	0.000000	0.000000	0	0	0
84	21846	0	1	0.000000	17.589902	17.589902	0.000000	0.000000	0	0	0
85	21801	0	1	0.000000	18.223981	18.219348	0.000000	0.000000	0	0	0
86	10134	0	2	0.000000	18.952733	18.917308	0.000000	0.000000	0	0	0
87	9664	0	1	0.000000	17.378932	17.360617	0.000000	0.000000	0	0	0
88	12439	2	1	0.000000	19.334352	19.334352	0.000000	0.000000	0	0	0
89	3540	0	1	0.000000	21.775706	21.775706	0.000000	0.000000	0	0	0
90	9924	1	0	0.000000	19.108525	19.094720	0.000000	0.000000	0	0	0
91	132	1	1	0.000000	14.787879	14.787879	0.000000	0.000000	0	0	0
92	597	2	2	0.000000	29.976549	27.410385	0.000000	0.000000	0	0	0
93	6276	2	2	0.000000	18.315647	18.315647	0.000000	0.000000	0	0	0
94	15440	1	0	0.000000	19.129404	19.129404	0.000000	0.000000	0	0	0
95	625	1	3	0.000000	125.572800	121.963200	0.000000	0.000000	0	0	0
96	7539	2	1	0.000000	18.374453	18.374453	0.000000	0.000000	0	0	0
97	24639	1	2	0.000000	20.173343	20.162101	0.000000	0.000000	0	0	0
98	22966	1	2	0.000000	18.574414	18.574414	0.000000	0.000000	0	0	0
99	1598	2	0	0.000000	20.484981	20.484981	0.000000	0.000000	0	0	0
100	52842	0	1	0.000000	20.613868	20.604917	0.000000	0.000000	0	0	0
101	39069	1	1	0.000000	19.278379	19.262280	0.000000	0.000000	0	0	0
102	1962	0	0	0.000000	15.192661	15.192661	0.000000	0.000000	0	0	0
103	116	1	2	0.000000	32.396552	32.396552	0.000000	0.000000	0	0	0
104	3405	2	1	0.000000	17.360059	17.360059	0.000000	0.000000	0	0	0
105	15215	1	1	0.000000	18.340651	18.323694	0.000000	0.000000	0	0	0
106	3076	0	0	0.000000	15.657672	15.657672	0.000000	0.000000	0	0	0
107	2555	1	1	0.000000	22.857534	22.857534	0.000000	0.000000	0	0	0
108	25336	2	2	0.000000	19.295548	19.295548	0.000000	0.000000	0	0	0
109	13215	1	0	0.000000	17.572153	17.572153	0.000000	0.000000	0	0	0
110	8942	0	1	0.000000	19.061955	19.061955	0.000000	0.000000	0	0	0
111	42856	0	1	0.000000	18.330805	18.320655	0.000000	0.000000	0	0	0
112	19199	1	1	0.000000	17.210428	17.204334	0.000000	0.000000	0	0	0
113	41101	1	1	0.000000	18.791051	18.783339	0.000000	0.000000	0	0	0
114	21561	1	1	0.000000	18.899402	18.886462	0.000000	0.000000	0	0	0
115	9426	0	3	0.000000	19.222576	19.222576	0.000000	0.000000	0	0	0
116	2391	1	1	0.000000	19.767461	19.767461	0.000000	0.000000	0	0	0
117	8546	0	2	0.000000	19.367423	19.347648	0.000000	0.000000	0	0	0
118	11593	0	1	0.000000	18.252480	18.252480	0.000000	0.000000	0	0	0
119	15743	0	1	0.000000	18.968684	18.968684	0.000000	0.000000	0	0	0
120	2128	0	0	0.000000	17.197838	17.197838	0.000000	0.000000	0	0	0
121	1962	1	1	0.000000	19.955148	19.955148	0.000000	0.000000	0	0	0
122	23905	1	1	0.000000	19.336457	19.332734	0.000000	0.000000	0	0	0
123	4193	0	1	0.000000	20.340568	20.340568	0.000000	0.000000	0	0	0
124	119	1	1	0.000000	49.680672	35.915966	0.000000	0.000000	0	0	0
125	25494	1	1	0.000000	19.139484	19.134855	0.000000	0.000000	0	0	0
126	35734	1	1	0.000000	18.737057	18.729361	0.000000	0.000000	0	0	0
127	11844	2	0	0.000000	17.011060	17.011060	0.000000	0.000000	0	0	0
128	3028	2	2	0.000000	21.285667	21.285667	0.000000	0.000000	0	0	0
129	13010	0	0	0.000000	17.646964	17.646964	0.000000	0.000000	0	0	0
130	1038	2	2	0.000000	42.041426	37.605973	0.000000	0.000000	0	0	0
131	49680	2	2	0.000000	17.552637	17.546679	0.000000	0.000000	0	0	0
132	38219	0	1	0.000000	19.196865	19.189618	0.000000	0.000000	0	0	0
133	11574	2	1	0.000000	17.012355	17.012355	0.000000	0.000000	0	0	0
134	13489	0	0	0.000000	19.426570	19.426570	0.000000	0.000000	0	0	0
135	6630	1	1	0.000000	24.048416	24.048416	0.000000	0.000000	0	0	0
136	12534	2	2	0.000000	18.857667	18.857667	0.000000	0.000000	0	0	0
137	35401	1	0	0.000000	19.342872	19.327533	0.000000	0.000000	0	0	0
138	8029	0	2	0.000000	19.517748	19.517748	0.000000	0.000000	0	0	0
139	57808	1	1	0.000000	18.774702	18.764254	0.000000	0.000000	0	0	0
140	78	1	1	0.000000	21.128205	21.128205	0.000000	0.000000	0	0	0
141	101	3	2	0.000000	91.346535	89.930693	0.000000	0.000000	0	0	0
142	22748	0	0	0.000000	18.469536	18.464568	0.000000	0.000000	0	0	0
143	14	1	1	0.000000	128.000000	97.857143	0.000000	0.000000	0	0	0
144	311	2	2	0.000000	114.327974	109.543408	0.000000	0.000000	0	0	0
145	15016	1	2	0.000000	18.865077	18.865077	0.000000	0.000000	0	0	0
146	654	2	2	0.000000	35.649847	31.996942	0.000000	0.000000	0	0	0
147	391	2	1	0.000000	193.544757	189.109974	0.000000	0.000000	0	0	0
148	2273	1	1	0.000000	17.956445	17.857897	0.000000	0.000000	0	0	0
149	17	1	3	0.000000	226.176471	226.176471	0.000000	0.000000	0	0	0
150	209	2	2	0.000000	258.674641	258.674641	0.000000	0.000000	0	0	0
151	2561	0	2	0.000000	18.876220	18.876220	0.000000	0.000000	0	0	0
152	2796	1	1	0.000000	20.374821	20.374821	0.000000	0.000000	0	0	0
153	50	3	1	0.000000	163.280000	154.260000	0.000000	0.000000	0	0	0
154	1	3	1	0.000000	62.000000	62.000000	0.000000	0.000000	0	0	0
155	20498	0	1	0.000000	18.610206	18.599083	0.000000	0.000000	0	0	0
156	10870	1	0	0.000000	18.375897	18.375897	0.000000	0.000000	0	0	0
157	26003	1	2	0.000000	18.816060	18.803523	0.000000	0.000000	0	0	0
158	1817	1	1	0.000000	20.090259	20.090259	0.000000	0.000000	0	0	0
159	14094	1	0	0.000000	19.747055	19.747055	0.000000	0.000000	0	0	0
160	9941	2	1	0.000000	20.312946	20.312946	0.000000	0.000000	0	0	0
161	1118	0	2	0.000000	16.393560	16.393560	0.000000	0.000000	0	0	0
162	81	1	1	0.000000	21.469136	21.469136	0.000000	0.000000	0	0	0
163	2	1	2	0.000000	55.000000	55.000000	0.000000	0.000000	0	0	0
164	7425	2	2	0.000000	19.488350	19.488350	0.000000	0.000000	0	0	0
165	31552	1	1	0.000000	19.079932	19.077269	0.000000	0.000000	0	0	0
166	4	1	2	0.000000	47.500000	47.500000	0.000000	0.000000	0	0	0
167	1	1	2	0.000000	61.000000	61.000000	0.000000	0.000000	0	0	0
168	4	1	2	0.000000	87.500000	87.500000	0.000000	0.000000	0	0	0
169	4953	0	2	0.000000	16.896023	16.896023	0.000000	0.000000	0	0	0
170	89	2	2	0.000000	69.617978	69.617978	0.000000	0.000000	0	0	0
171	56	1	1	0.000000	31.053571	31.053571	0.000000	0.000000	0	0	0
172	6	2	2	0.000000	54.333333	52.500000	0.000000	0.000000	0	0	0
173	90	1	1	0.000000	31.288889	31.288889	0.000000	0.000000	0	0	0
174	9500	0	1	0.000000	21.362526	21.353789	0.000000	0.000000	0	0	0
175	1648	0	1	0.000000	18.962379	18.962379	0.000000	0.000000	0	0	0
176	2750	2	0	0.000000	20.316000	20.316000	0.000000	0.000000	0	0	0
177	13473	1	1	0.000000	20.522007	20.499814	0.000000	0.000000	0	0	0
178	227	1	1	0.000000	12.651982	12.651982	0.000000	0.000000	0	0	0
179	8	2	2	0.000000	54.375000	54.375000	0.000000	0.000000	0	0	0
180	4	1	3	0.000000	161.000000	161.000000	0.000000	0.000000	0	0	0
181	262	2	2	0.000000	154.244275	112.446565	0.000000	0.000000	0	0	0
182	1	2	1	0.000000	48.000000	48.000000	0.000000	0.000000	0	0	0
183	9726	1	1	0.000000	17.697101	17.697101	0.000000	0.000000	0	0	0
184	5537	0	1	0.000000	20.615857	20.615857	0.000000	0.000000	0	0	0
185	5426	0	1	0.000000	18.769628	18.769628	0.000000	0.000000	0	0	0
186	25479	3	0	0.000000	18.502178	18.487343	0.000000	0.000000	0	0	0
187	4610	2	1	0.000000	20.826898	20.807592	0.000000	0.000000	0	0	0
188	6978	0	0	0.000000	17.715678	17.715678	0.000000	0.000000	0	0	0
189	11950	1	1	0.000000	20.083849	20.074310	0.000000	0.000000	0	0	0
190	1016	2	1	0.000000	20.095472	20.095472	0.000000	0.000000	0	0	0
191	64	1	1	0.000000	18.328125	18.328125	0.000000	0.000000	0	0	0
192	100	1	1	0.000000	12.770000	12.770000	0.000000	0.000000	0	0	0
193	35	1	2	0.000000	35.942857	35.942857	0.000000	0.000000	0	0	0
194	4093	1	1	0.000000	16.400195	16.400195	0.000000	0.000000	0	0	0
195	2324	2	0	0.000000	19.885542	19.885542	0.000000	0.000000	0	0	0
196	290	1	2	0.000000	36.913793	36.913793	0.000000	0.000000	0	0	0
197	10586	1	2	0.000000	20.634895	20.634895	0.000000	0.000000	0	0	0
198	408	2	2	0.000000	161.414216	154.203431	0.000000	0.000000	0	0	0
199	26175	1	1	0.000000	18.937918	18.929131	0.000000	0.000000	0	0	0
200	23389	1	0	0.000000	17.441019	17.431870	0.000000	0.000000	0	0	0
201	1485	1	0	0.000000	16.999327	16.999327	0.000000	0.000000	0	0	0
202	81	1	1	0.000000	18.024691	18.024691	0.000000	0.000000	0	0	0
203	93	1	1	0.000000	79.150538	79.150538	0.000000	0.000000	0	0	0
204	90	1	1	0.000000	26.988889	16.600000	0.000000	0.000000	0	0	0
205	3	2	2	0.000000	69.333333	69.333333	0.000000	0.000000	0	0	0
206	14469	0	1	0.000000	19.103532	19.094823	0.000000	0.000000	0	0	0
207	1	1	2	0.000000	49.000000	49.000000	0.000000	0.000000	0	0	0
208	1902	2	1	0.000000	23.263933	23.263933	0.000000	0.000000	0	0	0
209	8025	1	1	0.000000	22.088100	22.088100	0.000000	0.000000	0	0	0
210	81	1	1	0.000000	21.012346	21.012346	0.000000	0.000000	0	0	0
211	1537	1	1	0.000000	26.066363	26.066363	0.000000	0.000000	0	0	0
212	130	1	1	0.000000	38.076923	38.076923	0.000000	0.000000	0	0	0
213	73	2	2	0.000000	52.109589	52.109589	0.000000	0.000000	0	0	0
214	4678	1	1	0.000000	22.790295	22.790295	0.000000	0.000000	0	0	0
215	5453	2	1	0.000000	15.711352	15.711352	0.000000	0.000000	0	0	0
216	1265	3	2	0.000000	59.389723	59.389723	0.000000	0.000000	0	0	0
217	14030	1	1	0.000000	20.573272	20.564790	0.000000	0.000000	0	0	0
218	128	1	2	0.000000	77.968750	39.023438	0.000000	0.000000	0	0	0
219	7259	2	1	0.000000	18.355008	18.355008	0.000000	0.000000	0	0	0
220	8302	1	0	0.000000	15.585883	15.585883	0.000000	0.000000	0	0	0
221	16369	1	1	0.000000	18.684159	18.670963	0.000000	0.000000	0	0	0
222	251	1	1	0.000000	19.541833	19.541833	0.000000	0.000000	0	0	0
223	43	2	2	0.000000	47.348837	47.348837	0.000000	0.000000	0	0	0
224	91	2	2	0.000000	33.307692	18.197802	0.000000	0.000000	0	0	0
225	423	1	1	0.000000	11.326241	11.326241	0.000000	0.000000	0	0	0
226	4083	1	1	0.000000	18.799412	18.799412	0.000000	0.000000	0	0	0
227	81	1	1	0.000000	23.654321	23.654321	0.000000	0.000000	0	0	0
228	1101	2	2	0.000000	141.145322	127.105359	0.000000	0.000000	0	0	0
229	2497	1	1	0.000000	20.107729	20.107729	0.000000	0.000000	0	0	0
230	138	1	1	0.000000	15.949275	15.949275	0.000000	0.000000	0	0	0
231	21	1	1	0.000000	2.857143	2.857143	0.000000	0.000000	0	0	0
232	1	4	4	0.000000	14926.000000	14926.000000	0.000000	0.000000	0	0	0
233	8187	2	0	0.000000	19.583242	19.552706	0.000000	0.000000	0	0	0
234	81	1	1	0.000000	11.740741	11.740741	0.000000	0.000000	0	0	0
235	95	1	1	0.000000	84.189474	51.705263	0.000000	0.000000	0	0	0
236	5	2	2	0.000000	98.000000	78.000000	0.000000	0.000000	0	0	0
237	31	1	1	0.000000	34.354839	34.354839	0.000000	0.000000	0	0	0
238	3	2	1	0.000000	20.333333	17.000000	0.000000	0.000000	0	0	0
239	62	2	1	0.000000	18.080645	18.080645	0.000000	0.000000	0	0	0
240	262	0	1	0.000000	15.587786	15.587786	0.000000	0.000000	0	0	0
241	2	1	1	0.000000	17.000000	17.000000	0.000000	0.000000	0	0	0
242	121	1	1	0.000000	122.090909	109.785124	0.000000	0.000000	0	0	0
243	145	2	2	0.000000	123.896552	97.034483	0.000000	0.000000	0	0	0
244	204	1	1	0.000000	9.215686	9.215686	0.000000	0.000000	0	0	0
245	383	1	1	0.000000	18.684073	18.684073	0.000000	0.000000	0	0	0
246	1470	1	1	0.000000	23.973469	23.973469	0.000000	0.000000	0	0	0
247	6423	2	1	0.000000	18.549743	18.530126	0.000000	0.000000	0	0	0
248	12	2	1	0.000000	21.166667	21.166667	0.000000	0.000000	0	0	0
249	69	1	1	0.000000	28.956522	28.956522	0.000000	0.000000	0	0	0
250	1483	1	1	0.000000	25.809171	25.809171	0.000000	0.000000	0	0	0
251	3835	0	0	0.000000	20.853716	20.853716	0.000000	0.000000	0	0	0
252	385	0	2	0.000000	22.418182	22.418182	0.000000	0.000000	0	0	0
253	6513	1	0	0.000000	13.669584	13.669584	0.000000	0.000000	0	0	0
254	52	3	2	0.000000	246.692308	246.692308	0.000000	0.000000	0	0	0
255	7711	1	1	0.000000	19.104656	19.104656	0.000000	0.000000	0	0	0
256	3632	0	0	0.000000	12.990363	12.990363	0.000000	0.000000	0	0	0
257	3756	2	2	0.000000	19.434239	19.434239	0.000000	0.000000	0	0	0
258	3640	0	2	0.000000	21.249725	21.225275	0.000000	0.000000	0	0	0
259	444	2	3	0.000000	150.340090	145.977477	0.000000	0.000000	0	0	0
260	117	1	1	0.000000	120.940171	120.940171	0.000000	0.000000	0	0	0
261	3143	1	1	0.000000	19.863506	19.794464	0.000000	0.000000	0	0	0
262	81	1	1	0.000000	233.395062	233.234568	0.000000	0.000000	0	0	0
263	188	2	2	0.000000	29.973404	25.127660	0.000000	0.000000	0	0	0
264	263	1	1	0.000000	12.490494	12.490494	0.000000	0.000000	0	0	0
265	7	2	3	0.000000	51.714286	51.714286	0.000000	0.000000	0	0	0
266	132	1	1	0.000000	16.378788	16.378788	0.000000	0.000000	0	0	0
267	3377	0	0	0.000000	18.035238	18.035238	0.000000	0.000000	0	0	0
268	109	2	2	0.000000	25.357798	15.183486	0.000000	0.000000	0	0	0
269	1927	0	0	0.000000	13.915413	13.915413	0.000000	0.000000	0	0	0
270	1981	0	2	0.000000	14.651186	14.651186	0.000000	0.000000	0	0	0
271	461	0	0	0.000000	9.388286	9.388286	0.000000	0.000000	0	0	0
272	59	1	1	0.000000	24.559322	24.559322	0.000000	0.000000	0	0	0
273	85	1	2	0.000000	44.270588	34.058824	0.000000	0.000000	0	0	0
274	115	1	1	0.000000	15.400000	15.400000	0.000000	0.000000	0	0	0
275	145	1	1	0.000000	32.000000	23.703448	0.000000	0.000000	0	0	0
276	1364	1	1	0.000000	24.562317	24.490469	0.000000	0.000000	0	0	0
277	3064	0	1	0.000000	15.845627	15.540144	0.000000	0.000000	0	0	0
278	224	2	2	0.000000	148.031250	145.848214	0.000000	0.000000	0	0	0
279	1133	1	1	0.000000	22.046778	22.046778	0.000000	0.000000	0	0	0
280	81	1	1	0.000000	31.382716	31.382716	0.000000	0.000000	0	0	0
281	30	1	1	0.000000	3.000000	3.000000	0.000000	0.000000	0	0	0
282	61	2	2	0.000000	15.918033	15.918033	0.000000	0.000000	0	0	0
283	648	2	2	0.000000	137.004630	135.203704	0.000000	0.000000	0	0	0
284	132	1	1	0.000000	17.340909	17.340909	0.000000	0.000000	0	0	0
285	3614	2	2	0.000000	20.317377	20.317377	0.000000	0.000000	0	0	0
286	2488	0	0	0.000000	17.649518	17.649518	0.000000	0.000000	0	0	0
287	243	1	1	0.000000	15.506173	15.506173	0.000000	0.000000	0	0	0
288	979	0	0	0.000000	15.311542	15.311542	0.000000	0.000000	0	0	0
289	81	1	1	0.000000	15.580247	15.580247	0.000000	0.000000	0	0	0
290	81	1	1	0.000000	15.827160	15.827160	0.000000	0.000000	0	0	0
291	2157	0	2	0.000000	14.489105	14.489105	0.000000	0.000000	0	0	0
292	132	1	1	0.000000	42.787879	42.787879	0.000000	0.000000	0	0	0
293	179	2	2	0.000000	150.407821	142.067039	0.000000	0.000000	0	0	0
294	602	1	1	0.000000	14.415282	14.415282	0.000000	0.000000	0	0	0
295	412	1	1	0.000000	29.516990	29.516990	0.000000	0.000000	0	0	0
296	2158	0	0	0.000000	15.638554	15.638554	0.000000	0.000000	0	0	0
297	6256	1	0	0.000000	19.433344	19.433344	0.000000	0.000000	0	0	0
298	28	2	2	0.000000	69.857143	60.107143	0.000000	0.000000	0	0	0
299	153	1	1	0.000000	101.026144	85.359477	0.000000	0.000000	0	0	0
300	97	1	1	0.000000	9.061856	9.061856	0.000000	0.000000	0	0	0
301	1720	1	1	0.000000	23.204651	23.204651	0.000000	0.000000	0	0	0
302	95	1	1	0.000000	18.768421	18.768421	0.000000	0.000000	0	0	0
303	5	2	2	0.000000	41.600000	41.600000	0.000000	0.000000	0	0	0
304	31	1	1	0.000000	17.451613	17.451613	0.000000	0.000000	0	0	0
305	42	2	2	0.000000	19.738095	19.738095	0.000000	0.000000	0	0	0
306	543	2	1	0.000000	17.813996	17.813996	0.000000	0.000000	0	0	0
307	1	3	1	0.000000	65.000000	65.000000	0.000000	0.000000	0	0	0
308	209	1	1	0.000000	17.028708	17.028708	0.000000	0.000000	0	0	0
309	3976	1	0	0.000000	20.741700	20.721076	0.000000	0.000000	0	0	0
310	96	1	1	0.000000	9.697917	9.697917	0.000000	0.000000	0	0	0
311	13	1	2	0.000000	16.615385	16.615385	0.000000	0.000000	0	0	0
312	1	2	2	0.000000	34.000000	34.000000	0.000000	0.000000	0	0	0
313	2	2	1	0.000000	24.000000	24.000000	0.000000	0.000000	0	0	0
314	81	1	1	0.000000	16.012346	16.012346	0.000000	0.000000	0	0	0
315	4	2	2	0.000000	28.500000	28.500000	0.000000	0.000000	0	0	0
316	4805	0	2	0.000000	18.812695	18.792716	0.000000	0.000000	0	0	0
317	132	1	1	0.000000	9.606061	9.606061	0.000000	0.000000	0	0	0
318	602	1	1	0.000000	28.124585	28.124585	0.000000	0.000000	0	0	0
319	132	1	1	0.000000	87.659091	87.659091	0.000000	0.000000	0	0	0
320	114	1	1	0.000000	10.807018	10.807018	0.000000	0.000000	0	0	0
321	1	2	2	0.000000	25.000000	25.000000	0.000000	0.000000	0	0	0
322	118	1	1	0.000000	10.830508	10.830508	0.000000	0.000000	0	0	0
323	4	2	2	0.000000	29.250000	29.250000	0.000000	0.000000	0	0	0
324	2894	1	1	0.000000	17.504147	17.472702	0.000000	0.000000	0	0	0
325	92	2	1	0.000000	122.500000	35.358696	0.000000	0.000000	0	0	0
326	65	1	2	0.000000	34.200000	34.200000	0.000000	0.000000	0	0	0
327	974	1	1	0.000000	24.667351	24.667351	0.000000	0.000000	0	0	0
328	5	2	2	0.000000	17.600000	17.600000	0.000000	0.000000	0	0	0
329	3	1	2	0.000000	185.000000	185.000000	0.000000	0.000000	0	0	0
330	2	1	1	0.000000	252.000000	252.000000	0.000000	0.000000	0	0	0
331	79	1	2	0.000000	189.379747	181.493671	0.000000	0.000000	0	0	0
332	50	3	2	0.000000	42.580000	31.200000	0.000000	0.000000	0	0	0
333	1	1	1	0.000000	10.000000	10.000000	0.000000	0.000000	0	0	0
334	134	1	2	0.000000	15.261194	15.261194	0.000000	0.000000	0	0	0
335	343	1	1	0.000000	20.457726	20.457726	0.000000	0.000000	0	0	0
336	59	2	2	0.000000	35.762712	35.762712	0.000000	0.000000	0	0	0
337	216	2	2	0.000000	58.453704	58.453704	0.000000	0.000000	0	0	0
338	71	1	1	0.000000	36.239437	36.239437	0.000000	0.000000	0	0	0
339	873	1	0	0.000000	16.038946	16.038946	0.000000	0.000000	0	0	0
340	431	2	2	0.000000	140.941995	139.893271	0.000000	0.000000	0	0	0
341	208	1	2	0.000000	16.043269	14.163462	0.000000	0.000000	0	0	0
342	98	1	2	0.000000	20.724490	20.724490	0.000000	0.000000	0	0	0
343	287	1	1	0.000000	14.627178	14.627178	0.000000	0.000000	0	0	0
344	896	1	1	0.000000	16.245536	16.245536	0.000000	0.000000	0	0	0
345	456	1	2	0.000000	39.217105	39.217105	0.000000	0.000000	0	0	0
346	3915	1	1	0.000000	21.552490	21.496041	0.000000	0.000000	0	0	0
347	93	2	2	0.000000	256.440860	237.935484	0.000000	0.000000	0	0	0
348	324	1	2	0.000000	52.462963	44.256173	0.000000	0.000000	0	0	0
349	2	1	2	0.000000	52.000000	52.000000	0.000000	0.000000	0	0	0
350	1	1	3	0.000000	146.000000	146.000000	0.000000	0.000000	0	0	0
351	209	2	0	0.000000	15.622010	15.622010	0.000000	0.000000	0	0	0
352	81	1	1	0.000000	11.197531	11.197531	0.000000	0.000000	0	0	0
353	81	1	1	0.000000	11.432099	11.432099	0.000000	0.000000	0	0	0
354	191	2	1	0.000000	206.272251	200.602094	0.000000	0.000000	0	0	0
355	81	1	1	0.000000	20.419753	20.419753	0.000000	0.000000	0	0	0
356	7630	1	1	0.000000	17.427654	17.414417	0.000000	0.000000	0	0	0
357	228	1	1	0.000000	22.684211	22.684211	0.000000	0.000000	0	0	0
358	14	2	2	0.000000	43.428571	43.428571	0.000000	0.000000	0	0	0
359	122	1	1	0.000000	14.385246	14.385246	0.000000	0.000000	0	0	0
360	138	2	1	0.000000	23.695652	23.695652	0.000000	0.000000	0	0	0
361	110	1	1	0.000000	28.936364	28.936364	0.000000	0.000000	0	0	0
362	62	2	1	0.000000	63.370968	63.370968	0.000000	0.000000	0	0	0
363	163	1	1	0.000000	33.932515	33.932515	0.000000	0.000000	0	0	0
364	11	1	2	0.000000	41.818182	41.818182	0.000000	0.000000	0	0	0
365	1	1	2	0.000000	60.000000	60.000000	0.000000	0.000000	0	0	0
366	5	2	2	0.000000	85.000000	85.000000	0.000000	0.000000	0	0	0
367	1	3	1	0.000000	64.000000	64.000000	0.000000	0.000000	0	0	0
368	65	2	1	0.000000	42.261538	42.261538	0.000000	0.000000	0	0	0
369	81	1	1	0.000000	16.222222	16.222222	0.000000	0.000000	0	0	0
370	88	1	1	0.000000	13.272727	13.272727	0.000000	0.000000	0	0	0
371	9	1	2	0.000000	66.444444	66.444444	0.000000	0.000000	0	0	0
372	207	1	1	0.000000	25.314010	25.314010	0.000000	0.000000	0	0	0
373	55	2	2	0.000000	33.545455	19.709091	0.000000	0.000000	0	0	0
374	33	1	1	0.000000	35.242424	15.727273	0.000000	0.000000	0	0	0
375	15	2	2	0.000000	46.866667	38.066667	0.000000	0.000000	0	0	0
376	33	1	1	0.000000	25.272727	25.272727	0.000000	0.000000	0	0	0
377	23	2	2	0.000000	31.130435	31.130435	0.000000	0.000000	0	0	0
378	77	2	1	0.000000	31.155844	31.155844	0.000000	0.000000	0	0	0
379	33	2	2	0.000000	57.060606	57.060606	0.000000	0.000000	0	0	0
380	179	1	1	0.000000	35.905028	30.117318	0.000000	0.000000	0	0	0
381	75	2	2	0.000000	30.706667	30.706667	0.000000	0.000000	0	0	0
382	17	2	1	0.000000	17.529412	17.529412	0.000000	0.000000	0	0	0
383	58	1	1	0.000000	18.741379	18.741379	0.000000	0.000000	0	0	0
384	35	2	2	0.000000	30.514286	30.514286	0.000000	0.000000	0	0	0
385	145	2	2	0.000000	33.282759	33.282759	0.000000	0.000000	0	0	0
386	40	1	1	0.000000	18.050000	18.050000	0.000000	0.000000	0	0	0
387	5	2	2	0.000000	46.000000	46.000000	0.000000	0.000000	0	0	0
388	81	1	1	0.000000	23.283951	23.283951	0.000000	0.000000	0	0	0
389	81	2	2	0.000000	37.222222	37.222222	0.000000	0.000000	0	0	0
390	264	2	0	0.000000	19.719697	19.719697	0.000000	0.000000	0	0	0
391	146	1	1	0.000000	92.623288	70.589041	0.000000	0.000000	0	0	0
392	134	2	2	0.000000	23.253731	23.253731	0.000000	0.000000	0	0	0
393	288	1	1	0.000000	21.756944	21.756944	0.000000	0.000000	0	0	0
394	202	1	1	0.000000	14.316832	14.316832	0.000000	0.000000	0	0	0
395	43	2	2	0.000000	60.511628	60.511628	0.000000	0.000000	0	0	0
396	2	2	1	0.000000	50.000000	50.000000	0.000000	0.000000	0	0	0
397	3	1	1	0.000000	29.000000	29.000000	0.000000	0.000000	0	0	0
398	21	2	2	0.000000	51.190476	51.190476	0.000000	0.000000	0	0	0
399	1040	2	1	0.000000	57.605769	51.825000	0.000000	0.000000	0	0	0
400	468	1	1	0.000000	26.290598	26.290598	0.000000	0.000000	0	0	0
401	2	2	1	0.000000	37.500000	37.500000	0.000000	0.000000	0	0	0
402	19	2	2	0.000000	37.894737	37.894737	0.000000	0.000000	0	0	0
403	193	1	1	0.000000	21.746114	21.746114	0.000000	0.000000	0	0	0
404	282	0	0	0.000000	12.687943	12.687943	0.000000	0.000000	0	0	0
405	126	1	1	0.000000	10.515873	10.515873	0.000000	0.000000	0	0	0
406	19	2	1	0.000000	50.894737	50.894737	0.000000	0.000000	0	0	0
407	144	1	1	0.000000	24.833333	24.833333	0.000000	0.000000	0	0	0
408	951	2	2	0.000000	31.797056	29.598318	0.000000	0.000000	0	0	0
409	81	1	1	0.000000	11.111111	11.111111	0.000000	0.000000	0	0	0
410	38	2	1	0.000000	49.973684	49.973684	0.000000	0.000000	0	0	0
411	179	1	1	0.000000	20.893855	20.893855	0.000000	0.000000	0	0	0
412	1	1	2	0.000000	62.000000	62.000000	0.000000	0.000000	0	0	0
413	732	1	2	0.000000	19.770492	19.770492	0.000000	0.000000	0	0	0
414	81	1	1	0.000000	1.395062	1.395062	0.000000	0.000000	0	0	0
415	94	1	1	0.000000	5.957447	5.957447	0.000000	0.000000	0	0	0
416	130	1	1	0.000000	19.284615	19.284615	0.000000	0.000000	0	0	0
417	81	1	1	0.000000	28.925926	28.925926	0.000000	0.000000	0	0	0
418	65	4	1	0.000000	131.553846	129.030769	0.000000	0.000000	0	0	0
419	64	1	2	0.000000	57.203125	56.765625	0.000000	0.000000	0	0	0
420	1	1	2	0.000000	49.000000	49.000000	0.000000	0.000000	0	0	0
421	130	2	1	0.000000	16.084615	16.084615	0.000000	0.000000	0	0	0
422	7	2	2	0.000000	37.571429	37.571429	0.000000	0.000000	0	0	0
423	343	1	1	0.000000	19.017493	19.017493	0.000000	0.000000	0	0	0
424	1	1	2	0.000000	47.000000	47.000000	0.000000	0.000000	0	0	0
425	81	1	1	0.000000	29.271605	29.271605	0.000000	0.000000	0	0	0
426	18	1	1	0.000000	10.500000	10.500000	0.000000	0.000000	0	0	0
427	42	2	2	0.000000	19.547619	19.547619	0.000000	0.000000	0	0	0
428	81	1	1	0.000000	14.271605	14.271605	0.000000	0.000000	0	0	0
429	10	2	2	0.000000	43.500000	43.500000	0.000000	0.000000	0	0	0
430	9	2	1	0.000000	33.666667	33.666667	0.000000	0.000000	0	0	0
431	80	1	1	0.000000	20.512500	20.512500	0.000000	0.000000	0	0	0
432	113	2	2	0.000000	54.557522	54.557522	0.000000	0.000000	0	0	0
433	93	1	1	0.000000	73.150538	73.150538	0.000000	0.000000	0	0	0
434	81	1	1	0.000000	17.839506	17.839506	0.000000	0.000000	0	0	0
435	33	2	2	0.000000	65.757576	65.757576	0.000000	0.000000	0	0	0
436	11	2	1	0.000000	46.363636	46.363636	0.000000	0.000000	0	0	0
437	162	1	1	0.000000	12.635802	12.635802	0.000000	0.000000	0	0	0
438	10	2	2	0.000000	21.700000	21.700000	0.000000	0.000000	0	0	0
439	168	1	1	0.000000	10.148810	10.148810	0.000000	0.000000	0	0	0
440	2	1	2	0.000000	99.000000	99.000000	0.000000	0.000000	0	0	0
441	412	1	1	0.000000	14.866505	14.866505	0.000000	0.000000	0	0	0
442	223	1	1	0.000000	14.035874	14.035874	0.000000	0.000000	0	0	0
443	12	2	2	0.000000	80.666667	80.666667	0.000000	0.000000	0	0	0
444	81	1	1	0.000000	27.074074	27.074074	0.000000	0.000000	0	0	0
445	2	1	1	0.000000	13.000000	13.000000	0.000000	0.000000	0	0	0
446	108	2	2	0.000000	55.898148	55.898148	0.000000	0.000000	0	0	0
447	163	1	1	0.000000	25.607362	25.607362	0.000000	0.000000	0	0	0
448	29	1	1	0.000000	10.689655	10.689655	0.000000	0.000000	0	0	0
449	81	1	1	0.000000	13.506173	13.506173	0.000000	0.000000	0	0	0
450	134	1	1	0.000000	10.895522	10.895522	0.000000	0.000000	0	0	0
451	6	1	2	0.000000	29.666667	29.666667	0.000000	0.000000	0	0	0
452	1	1	2	0.000000	39.000000	39.000000	0.000000	0.000000	0	0	0
453	40	2	1	0.000000	21.725000	21.725000	0.000000	0.000000	0	0	0
454	105	2	2	0.000000	53.314286	33.971429	0.000000	0.000000	0	0	0
455	164	2	2	0.000000	38.152439	38.152439	0.000000	0.000000	0	0	0
456	376	1	1	0.000000	27.167553	27.167553	0.000000	0.000000	0	0	0
457	339	1	0	0.000000	19.946903	19.946903	0.000000	0.000000	0	0	0
458	43	2	2	0.000000	130.906977	115.441860	0.000000	0.000000	0	0	0
459	1	3	1	0.000000	86.000000	86.000000	0.000000	0.000000	0	0	0
460	123	3	1	0.000000	28.959350	24.154472	0.000000	0.000000	0	0	0
461	1	1	3	0.000000	61.000000	61.000000	0.000000	0.000000	0	0	0
462	376	1	1	0.000000	24.101064	24.101064	0.000000	0.000000	0	0	0
463	81	1	1	0.000000	14.716049	14.716049	0.000000	0.000000	0	0	0
464	123	2	2	0.000000	21.569106	16.252033	0.000000	0.000000	0	0	0
465	1	2	1	0.000000	98.000000	98.000000	0.000000	0.000000	0	0	0
466	1	3	1	0.000000	79.000000	79.000000	0.000000	0.000000	0	0	0
467	3	1	2	0.000000	41.000000	41.000000	0.000000	0.000000	0	0	0
468	1	1	2	0.000000	64.000000	64.000000	0.000000	0.000000	0	0	0
469	81	1	1	0.000000	18.938272	18.938272	0.000000	0.000000	0	0	0
470	243	1	1	0.000000	15.864198	15.864198	0.000000	0.000000	0	0	0
471	5	2	2	0.000000	28.200000	28.200000	0.000000	0.000000	0	0	0
472	318	2	2	0.000000	25.110063	25.110063	0.000000	0.000000	0	0	0
473	131	1	1	0.000000	22.000000	22.000000	0.000000	0.000000	0	0	0
474	64	1	1	0.000000	9.390625	9.390625	0.000000	0.000000	0	0	0
475	2	2	1	0.000000	48.000000	48.000000	0.000000	0.000000	0	0	0
476	117	1	1	0.000000	18.435897	18.435897	0.000000	0.000000	0	0	0
477	12	1	2	0.000000	26.416667	26.416667	0.000000	0.000000	0	0	0
478	10	1	1	0.000000	10.300000	10.300000	0.000000	0.000000	0	0	0
479	18	2	2	0.000000	27.777778	27.777778	0.000000	0.000000	0	0	0
480	60	2	2	0.000000	60.966667	60.966667	0.000000	0.000000	0	0	0
481	179	1	1	0.000000	24.581006	24.581006	0.000000	0.000000	0	0	0
482	228	1	1	0.000000	19.315789	19.315789	0.000000	0.000000	0	0	0
483	57	2	1	0.000000	115.596491	56.105263	0.000000	0.000000	0	0	0
484	161	1	1	0.000000	26.689441	26.689441	0.000000	0.000000	0	0	0
485	7	2	2	0.000000	46.714286	46.714286	0.000000	0.000000	0	0	0
486	17	2	2	0.000000	38.000000	38.000000	0.000000	0.000000	0	0	0
487	106	1	1	0.000000	18.405660	18.405660	0.000000	0.000000	0	0	0
488	81	1	1	0.000000	18.172840	18.172840	0.000000	0.000000	0	0	0
489	81	1	1	0.000000	20.913580	20.913580	0.000000	0.000000	0	0	0
490	140	1	1	0.000000	9.892857	9.892857	0.000000	0.000000	0	0	0
491	337	0	0	0.000000	5.551929	5.551929	0.000000	0.000000	0	0	0
492	81	1	1	0.000000	18.172840	18.172840	0.000000	0.000000	0	0	0
493	626	2	3	0.000000	128.632588	128.372204	0.000000	0.000000	0	0	0
494	81	1	1	0.000000	17.432099	17.432099	0.000000	0.000000	0	0	0
495	71	1	1	0.000000	18.478873	18.478873	0.000000	0.000000	0	0	0
496	81	1	1	0.000000	1.469136	1.469136	0.000000	0.000000	0	0	0
497	81	1	1	0.000000	20.641975	20.641975	0.000000	0.000000	0	0	0
498	7	2	2	0.000000	35.285714	35.285714	0.000000	0.000000	0	0	0
499	81	1	1	0.000000	13.333333	13.333333	0.000000	0.000000	0	0	0
500	81	1	1	0.000000	12.641975	12.641975	0.000000	0.000000	0	0	0
501	305	1	2	0.000000	19.914754	19.914754	0.000000	0.000000	0	0	0
502	15	1	2	0.000000	22.933333	22.933333	0.000000	0.000000	0	0	0
503	18	2	2	0.000000	33.722222	33.722222	0.000000	0.000000	0	0	0
504	2	1	1	0.000000	10.000000	10.000000	0.000000	0.000000	0	0	0
505	6	2	1	0.000000	57.333333	57.333333	0.000000	0.000000	0	0	0
506	41	2	2	0.000000	67.658537	44.195122	0.000000	0.000000	0	0	0
507	103	1	1	0.000000	15.029126	15.029126	0.000000	0.000000	0	0	0
508	1	1	2	0.000000	42.000000	42.000000	0.000000	0.000000	0	0	0
509	81	1	1	0.000000	2.407407	2.407407	0.000000	0.000000	0	0	0
510	200	2	1	0.000000	9.645000	9.645000	0.000000	0.000000	0	0	0
511	81	1	1	0.000000	17.777778	17.777778	0.000000	0.000000	0	0	0
512	344	1	1	0.000000	23.773256	23.773256	0.000000	0.000000	0	0	0
513	260	1	1	0.000000	13.296154	13.296154	0.000000	0.000000	0	0	0
514	81	1	1	0.000000	27.679012	27.679012	0.000000	0.000000	0	0	0
515	1	1	1	0.000000	280.000000	280.000000	0.000000	0.000000	0	0	0
516	43	2	1	0.000000	43.488372	43.488372	0.000000	0.000000	0	0	0
517	45	1	1	0.000000	23.444444	23.444444	0.000000	0.000000	0	0	0
518	1	1	2	0.000000	30.000000	30.000000	0.000000	0.000000	0	0	0
519	1	1	2	0.000000	53.000000	53.000000	0.000000	0.000000	0	0	0
520	4	1	2	0.000000	34.750000	34.750000	0.000000	0.000000	0	0	0
521	4	2	2	0.000000	61.250000	61.250000	0.000000	0.000000	0	0	0
522	110	1	1	0.000000	15.727273	15.727273	0.000000	0.000000	0	0	0
523	135	1	1	0.000000	1.081481	1.081481	0.000000	0.000000	0	0	0
524	163	1	1	0.000000	24.901840	24.901840	0.000000	0.000000	0	0	0
525	12	1	1	0.000000	19.500000	19.500000	0.000000	0.000000	0	0	0
526	12	2	2	0.000000	44.000000	44.000000	0.000000	0.000000	0	0	0
527	1	1	2	0.000000	40.000000	40.000000	0.000000	0.000000	0	0	0
528	1	1	1	0.000000	34.000000	34.000000	0.000000	0.000000	0	0	0
529	4	2	2	0.000000	54.000000	54.000000	0.000000	0.000000	0	0	0
530	3	2	1	0.000000	36.333333	36.333333	0.000000	0.000000	0	0	0
531	85	1	1	0.000000	22.200000	22.200000	0.000000	0.000000	0	0	0
532	81	1	1	0.000000	1.333333	1.333333	0.000000	0.000000	0	0	0
533	1	2	2	0.000000	46.000000	46.000000	0.000000	0.000000	0	0	0
534	180	2	2	0.000000	51.938889	39.861111	0.000000	0.000000	0	0	0
535	81	1	1	0.000000	2.987654	2.987654	0.000000	0.000000	0	0	0
536	13	1	2	0.000000	131.846154	69.846154	0.000000	0.000000	0	0	0
537	81	1	1	0.000000	14.876543	14.876543	0.000000	0.000000	0	0	0
538	34	1	1	0.000000	9.441176	9.441176	0.000000	0.000000	0	0	0
539	81	1	1	0.000000	11.901235	11.901235	0.000000	0.000000	0	0	0
540	212	1	1	0.000000	14.264151	14.264151	0.000000	0.000000	0	0	0
541	150	1	1	0.000000	17.513333	17.513333	0.000000	0.000000	0	0	0
542	254	1	1	0.000000	22.003937	22.003937	0.000000	0.000000	0	0	0
543	8	2	1	0.000000	8.250000	8.250000	0.000000	0.000000	0	0	0
544	2	1	1	0.000000	22.000000	22.000000	0.000000	0.000000	0	0	0
545	3	2	1	0.000000	50.666667	50.666667	0.000000	0.000000	0	0	0
546	2	1	1	0.000000	94.000000	34.500000	0.000000	0.000000	0	0	0
547	6	2	2	0.000000	20.333333	20.333333	0.000000	0.000000	0	0	0
548	43	1	1	0.000000	7.627907	7.627907	0.000000	0.000000	0	0	0
549	39	1	1	0.000000	11.487179	11.487179	0.000000	0.000000	0	0	0
550	116	1	1	0.000000	12.034483	12.034483	0.000000	0.000000	0	0	0
551	62	1	2	0.000000	50.112903	50.112903	0.000000	0.000000	0	0	0
552	126	1	1	0.000000	47.976190	45.738095	0.000000	0.000000	0	0	0
553	71	1	1	0.000000	12.169014	12.169014	0.000000	0.000000	0	0	0
554	3	2	2	0.000000	23.333333	23.333333	0.000000	0.000000	0	0	0
555	2	1	2	0.000000	42.000000	42.000000	0.000000	0.000000	0	0	0
556	28	2	2	0.000000	22.000000	22.000000	0.000000	0.000000	0	0	0
557	135	1	1	0.000000	18.325926	18.325926	0.000000	0.000000	0	0	0
558	64	1	1	0.000000	5.250000	5.250000	0.000000	0.000000	0	0	0
559	1	1	1	0.000000	16.000000	16.000000	0.000000	0.000000	0	0	0
560	81	1	1	0.000000	1.123457	1.123457	0.000000	0.000000	0	0	0
561	202	1	1	0.000000	10.529703	10.529703	0.000000	0.000000	0	0	0
562	9	1	2	0.000000	20.888889	20.888889	0.000000	0.000000	0	0	0
563	3	2	2	0.000000	30.000000	30.000000	0.000000	0.000000	0	0	0
564	81	1	1	0.000000	1.901235	1.901235	0.000000	0.000000	0	0	0
565	174	1	1	0.000000	13.298851	13.298851	0.000000	0.000000	0	0	0
566	60	2	2	0.000000	25.283333	25.283333	0.000000	0.000000	0	0	0
567	121	1	1	0.000000	9.735537	9.735537	0.000000	0.000000	0	0	0
568	138	1	1	0.000000	10.456522	10.456522	0.000000	0.000000	0	0	0
569	8	2	2	0.000000	50.000000	50.000000	0.000000	0.000000	0	0	0
570	45	1	1	0.000000	21.444444	21.444444	0.000000	0.000000	0	0	0
571	7	2	1	0.000000	83.000000	83.000000	0.000000	0.000000	0	0	0
572	81	1	1	0.000000	17.222222	17.222222	0.000000	0.000000	0	0	0
573	64	1	1	0.000000	4.453125	4.453125	0.000000	0.000000	0	0	0
574	29	1	1	0.000000	2.758621	2.758621	0.000000	0.000000	0	0	0
575	187	0	0	0.000000	2.278075	2.278075	0.000000	0.000000	0	0	0
576	1	2	1	0.000000	34.000000	34.000000	0.000000	0.000000	0	0	0
577	81	1	1	0.000000	1.086420	1.086420	0.000000	0.000000	0	0	0
578	104	2	1	0.000000	24.913462	24.913462	0.000000	0.000000	0	0	0
579	11	2	2	0.000000	19.636364	19.636364	0.000000	0.000000	0	0	0
580	81	1	1	0.000000	9.246914	9.246914	0.000000	0.000000	0	0	0
581	140	1	1	0.000000	7.221429	7.221429	0.000000	0.000000	0	0	0
582	71	1	1	0.000000	11.436620	11.436620	0.000000	0.000000	0	0	0
583	94	1	1	0.000000	13.797872	13.797872	0.000000	0.000000	0	0	0
584	81	1	1	0.000000	2.654321	2.654321	0.000000	0.000000	0	0	0
585	118	1	1	0.000000	15.745763	15.745763	0.000000	0.000000	0	0	0
586	61	2	2	0.000000	28.295082	28.295082	0.000000	0.000000	0	0	0
587	2	2	1	0.000000	36.000000	36.000000	0.000000	0.000000	0	0	0
588	81	1	1	0.000000	2.802469	2.802469	0.000000	0.000000	0	0	0
589	92	1	1	0.000000	7.195652	7.195652	0.000000	0.000000	0	0	0
590	40	1	1	0.000000	10.875000	10.875000	0.000000	0.000000	0	0	0
591	120	1	1	0.000000	19.725000	19.725000	0.000000	0.000000	0	0	0
592	81	1	1	0.000000	3.506173	3.506173	0.000000	0.000000	0	0	0
593	13	1	1	0.000000	9.769231	9.769231	0.000000	0.000000	0	0	0
594	153	1	1	0.000000	17.313725	17.313725	0.000000	0.000000	0	0	0
595	118	1	1	0.000000	19.830508	19.830508	0.000000	0.000000	0	0	0
596	37	1	1	0.000000	4.891892	4.891892	0.000000	0.000000	0	0	0
597	81	1	1	0.000000	2.975309	2.975309	0.000000	0.000000	0	0	0
598	81	1	1	0.000000	15.271605	15.271605	0.000000	0.000000	0	0	0
599	20	1	1	0.000000	10.100000	10.100000	0.000000	0.000000	0	0	0
600	81	1	2	0.000000	22.148148	19.197531	0.000000	0.000000	0	0	0
601	81	1	1	0.000000	1.950617	1.950617	0.000000	0.000000	0	0	0
602	14	2	2	0.000000	56.000000	56.000000	0.000000	0.000000	0	0	0
603	68	1	1	0.000000	1.000000	1.000000	0.000000	0.000000	0	0	0
604	3	1	1	0.000000	10.333333	10.333333	0.000000	0.000000	0	0	0
605	81	1	1	0.000000	1.925926	1.925926	0.000000	0.000000	0	0	0
606	81	1	1	0.000000	2.777778	2.777778	0.000000	0.000000	0	0	0
607	81	1	1	0.000000	1.049383	1.049383	0.000000	0.000000	0	0	0
608	119	1	1	0.000000	19.722689	19.722689	0.000000	0.000000	0	0	0
609	2	1	1	0.000000	22.000000	22.000000	0.000000	0.000000	0	0	0
610	81	1	1	0.000000	2.111111	2.111111	0.000000	0.000000	0	0	0
611	2	1	2	0.000000	33.000000	33.000000	0.000000	0.000000	0	0	0
612	11	2	1	0.000000	7.727273	7.727273	0.000000	0.000000	0	0	0
613	81	1	1	0.000000	5.691358	5.691358	0.000000	0.000000	0	0	0
614	81	1	1	0.000000	7.308642	7.308642	0.000000	0.000000	0	0	0
615	7	1	1	0.000000	10.571429	10.571429	0.000000	0.000000	0	0	0
616	81	1	1	0.000000	6.382716	6.382716	0.000000	0.000000	0	0	0
617	68	1	1	0.000000	18.867647	18.867647	0.000000	0.000000	0	0	0
618	2	1	1	0.000000	1.000000	1.000000	0.000000	0.000000	0	0	0
619	81	1	1	0.000000	1.123457	1.123457	0.000000	0.000000	0	0	0
620	20	2	2	0.000000	19.100000	10.500000	0.000000	0.000000	0	0	0
621	81	1	1	0.000000	1.987654	1.987654	0.000000	0.000000	0	0	0
622	2	1	2	0.000000	14.000000	8.000000	0.000000	0.000000	0	0	0
623	81	1	1	0.000000	1.246914	1.246914	0.000000	0.000000	0	0	0
624	71	1	1	0.000000	3.676056	3.676056	0.000000	0.000000	0	0	0
625	81	1	1	0.000000	2.172840	2.172840	0.000000	0.000000	0	0	0
626	81	1	1	0.000000	2.333333	2.333333	0.000000	0.000000	0	0	0
627	81	1	1	0.000000	1.185185	1.185185	0.000000	0.000000	0	0	0
628	81	1	1	0.000000	1.160494	1.160494	0.000000	0.000000	0	0	0
629	81	1	1	0.000000	1.481481	1.481481	0.000000	0.000000	0	0	0
630	81	1	1	0.000000	1.543210	1.543210	0.000000	0.000000	0	0	0
631	234	0	0	0.000000	2.153846	2.153846	0.000000	0.000000	0	0	0
632	116	1	1	0.000000	1.267241	1.267241	0.000000	0.000000	0	0	0
633	20	1	1	0.000000	1.000000	1.000000	0.000000	0.000000	0	0	0
634	81	1	1	0.000000	1.135802	1.135802	0.000000	0.000000	0	0	0
635	6	2	1	0.000000	3.833333	3.833333	0.000000	0.000000	0	0	0
636	81	1	1	0.000000	1.185185	1.185185	0.000000	0.000000	0	0	0
637	72	1	1	0.000000	1.333333	1.333333	0.000000	0.000000	0	0	0
638	81	1	1	0.000000	1.049383	1.049383	0.000000	0.000000	0	0	0
639	81	1	1	0.000000	1.061728	1.061728	0.000000	0.000000	0	0	0
640	81	1	1	0.000000	1.345679	1.345679	0.000000	0.000000	0	0	0
641	81	1	1	0.000000	1.024691	1.024691	0.000000	0.000000	0	0	0
642	81	1	1	0.000000	1.123457	1.123457	0.000000	0.000000	0	0	0
643	10	1	2	0.000000	42.700000	42.700000	0.000000	0.000000	0	0	0
644	11	1	2	0.000000	35.454545	35.454545	0.000000	0.000000	0	0	0
645	4	2	2	0.000000	34.750000	34.750000	0.000000	0.000000	0	0	0
646	2	1	1	0.000000	28.500000	28.500000	0.000000	0.000000	0	0	0
647	4	1	2	0.000000	26.750000	26.750000	0.000000	0.000000	0	0	0
648	15	1	2	0.000000	19.800000	19.800000	0.000000	0.000000	0	0	0
649	75	2	1	0.000000	4.053333	4.053333	0.000000	0.000000	0	0	0
650	9	2	2	0.000000	27.000000	27.000000	0.000000	0.000000	0	0	0
651	16	2	1	0.000000	16.625000	16.625000	0.000000	0.000000	0	0	0
652	3	1	1	0.000000	32.666667	32.666667	0.000000	0.000000	0	0	0
653	3	1	1	0.000000	11.666667	11.666667	0.000000	0.000000	0	0	0
654	4	2	2	0.000000	10.250000	10.250000	0.000000	0.000000	0	0	0
655	21	1	1	0.000000	1.000000	1.000000	0.000000	0.000000	0	0	0
656	23	1	2	0.000000	10.391304	10.391304	0.000000	0.000000	0	0	0
657	81	1	1	0.000000	1.432099	1.432099	0.000000	0.000000	0	0	0
658	81	1	1	0.000000	1.938272	1.938272	0.000000	0.000000	0	0	0
659	1	1	1	0.000000	1.000000	1.000000	0.000000	0.000000	0	0	0
660	81	1	1	0.000000	1.185185	1.185185	0.000000	0.000000	0	0	0
661	14	1	1	0.000000	1.000000	1.000000	0.000000	0.000000	0	0	0
662	81	1	1	0.000000	1.049383	1.049383	0.000000	0.000000	0	0	0
663	28	1	1	0.000000	1.000000	1.000000	0.000000	0.000000	0	0	0
664	16	2	2	0.000000	5.000000	5.000000	0.000000	0.000000	0	0	0
665	2	1	1	0.000000	1.000000	1.000000	0.000000	0.000000	0	0	0
666	81	1	1	0.000000	1.012346	1.012346	0.000000	0.000000	0	0	0
667	56	1	1	0.000000	1.000000	1.000000	0.000000	0.000000	0	0	0
668	10	1	1	0.000000	1.000000	1.000000	0.000000	0.000000	0	0	0
669	44	1	1	0.000000	1.000000	1.000000	0.000000	0.000000	0	0	0
670	21	1	1	0.000000	1.000000	1.000000	0.000000	0.000000	0	0	0
671	6	1	1	0.000000	1.000000	1.000000	0.000000	0.000000	0	0	0
